2 0.64453125 0.1796875 0.0390625 0.0703125
3 0.603125 0.359375 0.05078125 0.08984375
2 0.6015625 0.61875 0.046875 0.08984375
0 0.68359375 0.6 0.01953125 0.03515625
2 0.734375 0.62109375 0.015625 0.03125
2 0.8359375 0.484375 0.02734375 0.06640625
4 0.87890625 0.475 0.02734375 0.06640625
5 0.81640625 0.8671875 0.0234375 0.05078125
3 0.40234375 0.8359375 0.0625 0.10546875
3 0.4359375 0.68125 0.0390625 0.06640625
1 0.44140625 0.55859375 0.0625 0.09375
3 0.484375 0.509375 0.0390625 0.05859375
1 0.26953125 0.41015625 0.09765625 0.1328125
1 0.2828125 0.6953125 0.05078125 0.0703125
3 0.3109375 0.775 0.0625 0.0859375