2 0.35546875 0.8203125 0.0390625 0.0703125
3 0.396875 0.640625 0.05078125 0.08984375
2 0.3984375 0.38125 0.046875 0.08984375
0 0.31640625 0.4 0.01953125 0.03515625
2 0.265625 0.37890625 0.015625 0.03125
2 0.1640625 0.515625 0.02734375 0.06640625
4 0.12109375 0.525 0.02734375 0.06640625
5 0.18359375 0.1328125 0.0234375 0.05078125
3 0.59765625 0.1640625 0.0625 0.1015625
3 0.5640625 0.31875 0.0390625 0.06640625
1 0.55859375 0.44140625 0.0625 0.09375
3 0.515625 0.490625 0.0390625 0.05859375
1 0.73046875 0.58984375 0.09765625 0.1328125
1 0.7171875 0.3046875 0.05078125 0.0703125
3 0.6890625 0.225 0.0625 0.0859375