2 0.82421875 0.64453125 0.0703125 0.0390625
3 0.640625 0.603125 0.08984375 0.05078125
2 0.3828125 0.6015625 0.08984375 0.05078125
0 0.4 0.68359375 0.03515625 0.01953125
2 0.37890625 0.734375 0.03515625 0.015625
2 0.5171875 0.8359375 0.06640625 0.02734375
4 0.525 0.87890625 0.06640625 0.02734375
5 0.134375 0.81640625 0.05078125 0.0234375
3 0.1640625 0.40234375 0.10546875 0.0625
3 0.31875 0.4359375 0.06640625 0.0390625
1 0.44140625 0.44140625 0.09765625 0.0625
3 0.4921875 0.484375 0.05859375 0.0390625
1 0.58984375 0.26953125 0.1328125 0.09765625
1 0.30859375 0.2828125 0.0703125 0.05078125
3 0.225 0.3109375 0.0859375 0.0625