2 0.28125 0.0484375 0.05859375 0.03515625
5 0.275 0.390625 0.1171875 0.078125
2 0.43359375 0.475 0.0703125 0.046875
5 0.2421875 0.52734375 0.05859375 0.04296875
2 0.1390625 0.59375 0.15234375 0.10546875
5 0.21875 0.7890625 0.078125 0.05859375
1 0.6171875 0.021875 0.05859375 0.03515625
5 0.578125 0.26171875 0.06640625 0.046875
2 0.671875 0.26953125 0.078125 0.05859375
3 0.640625 0.33984375 0.12109375 0.08203125
2 0.725 0.43359375 0.08203125 0.05859375
1 0.6171875 0.4609375 0.0625 0.04296875
2 0.62890625 0.625 0.078125 0.05859375
2 0.5546875 0.67578125 0.0703125 0.0546875
1 0.671875 0.70703125 0.08984375 0.06640625
4 0.640625 0.7890625 0.0703125 0.0546875
2 0.0375 0.15625 0.07421875 0.06640625