2 0.9515625 0.71875 0.03515625 0.05859375
5 0.609375 0.725 0.078125 0.1171875
2 0.525 0.56640625 0.046875 0.0703125
5 0.47265625 0.7578125 0.0390625 0.05859375
2 0.40625 0.8609375 0.1015625 0.15234375
5 0.2109375 0.78125 0.0546875 0.07421875
1 0.978125 0.3828125 0.03515625 0.0546875
5 0.73828125 0.421875 0.046875 0.0625
2 0.73046875 0.328125 0.0546875 0.078125
3 0.66015625 0.359375 0.078125 0.1171875
2 0.56640625 0.275 0.0546875 0.08203125
1 0.5390625 0.3828125 0.0390625 0.0625
2 0.375 0.37109375 0.0546875 0.078125
2 0.32421875 0.4453125 0.0546875 0.0703125
1 0.29296875 0.328125 0.0625 0.08984375
4 0.2109375 0.359375 0.0546875 0.0703125
2 0.84375 0.9625 0.06640625 0.07421875