1 0.4546875 0.4859375 0.03515625 0.0625
3 0.3890625 0.4984375 0.03125 0.05078125
3 0.34375 0.5484375 0.046875 0.08203125
0 0.365625 0.65234375 0.0234375 0.04296875
0 0.38671875 0.8046875 0.0234375 0.04296875
4 0.4125 0.4375 0.04296875 0.07421875
5 0.421875 0.30859375 0.046875 0.08203125
3 0.453125 0.1078125 0.04296875 0.078125
1 0.521875 0.171875 0.03515625 0.07421875
2 0.546875 0.3125 0.0390625 0.0703125
0 0.59765625 0.3671875 0.03125 0.06640625
2 0.56640625 0.484375 0.0234375 0.04296875
5 0.58984375 0.5625 0.01953125 0.046875
2 0.553125 0.6875 0.01953125 0.04296875
3 0.515625 0.7328125 0.015625 0.03125
0 0.5234375 0.8359375 0.01953125 0.03515625
5 0.5765625 0.83984375 0.015625 0.03515625
1 0.5859375 0.803125 0.01953125 0.0390625
1 0.609375 0.7796875 0.01953125 0.0390625
5 0.63125 0.7265625 0.0234375 0.05859375
2 0.678125 0.67578125 0.01953125 0.05078125
2 0.678125 0.8203125 0.01953125 0.0546875
2 0.6953125 0.834375 0.01171875 0.02734375
2 0.7015625 0.765625 0.01171875 0.03125
5 0.7203125 0.7265625 0.01171875 0.02734375
5 0.7421875 0.640625 0.01171875 0.03515625
0 0.7203125 0.69921875 0.0078125 0.0234375
5 0.73046875 0.50625 0.01171875 0.0234375
0 0.7171875 0.4765625 0.01953125 0.05078125
5 0.6796875 0.5859375 0.01171875 0.02734375
2 0.671875 0.55078125 0.015625 0.0390625
3 0.6484375 0.5078125 0.015625 0.0390625
3 0.68359375 0.45703125 0.0234375 0.05859375
0 0.81875 0.34375 0.0078125 0.01953125
1 0.7734375 0.38671875 0.015625 0.04296875
4 0.7421875 0.353125 0.01171875 0.03515625
5 0.68359375 0.3734375 0.01953125 0.0390625
3 0.64453125 0.3515625 0.01953125 0.04296875
5 0.61875 0.38671875 0.01953125 0.04296875
2 0.64453125 0.2734375 0.02734375 0.05859375
3 0.6625 0.1171875 0.0234375 0.0546875
2 0.56875 0.4140625 0.0234375 0.05078125
3 0.6 0.47265625 0.02734375 0.05859375