1 0.5140625 0.4546875 0.0625 0.03515625
3 0.5015625 0.3890625 0.05078125 0.03125
3 0.4515625 0.34375 0.08203125 0.046875
0 0.34765625 0.365625 0.04296875 0.0234375
0 0.1953125 0.38671875 0.0390625 0.0234375
4 0.5625 0.4125 0.07421875 0.04296875
5 0.69140625 0.421875 0.08203125 0.046875
3 0.8921875 0.453125 0.078125 0.0390625
1 0.828125 0.521875 0.07421875 0.03515625
2 0.6875 0.546875 0.0703125 0.0390625
0 0.6328125 0.59765625 0.0625 0.03125
2 0.515625 0.56640625 0.0390625 0.0234375
5 0.4375 0.58984375 0.046875 0.01953125
2 0.3125 0.553125 0.0390625 0.01953125
3 0.2671875 0.515625 0.03125 0.015625
0 0.1640625 0.5234375 0.03515625 0.015625
5 0.16015625 0.5765625 0.03125 0.015625
1 0.196875 0.5859375 0.0390625 0.01953125
1 0.2203125 0.609375 0.0390625 0.015625
5 0.2734375 0.63125 0.05859375 0.0234375
2 0.32421875 0.678125 0.05078125 0.01953125
2 0.1796875 0.678125 0.0546875 0.01953125
2 0.165625 0.6953125 0.02734375 0.0078125
2 0.234375 0.7015625 0.03125 0.01171875
5 0.2734375 0.7203125 0.0234375 0.01171875
5 0.359375 0.7421875 0.03125 0.01171875
0 0.30078125 0.7203125 0.0234375 0.0078125
5 0.49375 0.73046875 0.0234375 0.0078125
0 0.5234375 0.7171875 0.05078125 0.01953125
5 0.4140625 0.6796875 0.0234375 0.01171875
2 0.44921875 0.671875 0.0390625 0.015625
3 0.4921875 0.6484375 0.0390625 0.015625
3 0.54296875 0.68359375 0.0546875 0.0234375
0 0.65625 0.81875 0.01953125 0.0078125
1 0.61328125 0.7734375 0.0390625 0.015625
4 0.646875 0.7421875 0.03515625 0.01171875
5 0.6265625 0.68359375 0.0390625 0.015625
3 0.6484375 0.64453125 0.0390625 0.015625
5 0.61328125 0.61875 0.0390625 0.01953125
2 0.7265625 0.64453125 0.05859375 0.02734375
3 0.8828125 0.6625 0.0546875 0.0234375
2 0.5859375 0.56875 0.05078125 0.0234375
3 0.52734375 0.6 0.0546875 0.02734375