1 0.5453125 0.4859375 0.03515625 0.0625
3 0.6109375 0.4984375 0.03125 0.05078125
3 0.65625 0.5484375 0.046875 0.08203125
0 0.634375 0.65234375 0.0234375 0.04296875
0 0.61328125 0.8046875 0.0234375 0.0390625
4 0.5875 0.4375 0.04296875 0.07421875
5 0.578125 0.30859375 0.046875 0.08203125
3 0.546875 0.1078125 0.0390625 0.078125
1 0.478125 0.171875 0.03515625 0.07421875
2 0.453125 0.3125 0.0390625 0.0703125
0 0.40234375 0.3671875 0.03125 0.0625
2 0.43359375 0.484375 0.0234375 0.0390625
5 0.41015625 0.5625 0.01953125 0.046875
2 0.446875 0.6875 0.01953125 0.0390625
3 0.484375 0.7328125 0.015625 0.03125
0 0.4765625 0.8359375 0.015625 0.03515625
5 0.4234375 0.83984375 0.015625 0.03125
1 0.4140625 0.803125 0.01953125 0.0390625
1 0.390625 0.7796875 0.015625 0.0390625
5 0.36875 0.7265625 0.0234375 0.05859375
2 0.321875 0.67578125 0.01953125 0.05078125
2 0.321875 0.8203125 0.01953125 0.0546875
2 0.3046875 0.834375 0.0078125 0.02734375
2 0.2984375 0.765625 0.01171875 0.03125
5 0.2796875 0.7265625 0.01171875 0.0234375
5 0.2578125 0.640625 0.01171875 0.03125
0 0.2796875 0.69921875 0.0078125 0.0234375
5 0.26953125 0.50625 0.0078125 0.0234375
0 0.2828125 0.4765625 0.01953125 0.05078125
5 0.3203125 0.5859375 0.01171875 0.0234375
2 0.328125 0.55078125 0.015625 0.0390625
3 0.3515625 0.5078125 0.015625 0.0390625
3 0.31640625 0.45703125 0.0234375 0.0546875
0 0.18125 0.34375 0.0078125 0.01953125
1 0.2265625 0.38671875 0.015625 0.0390625
4 0.2578125 0.353125 0.01171875 0.03515625
5 0.31640625 0.3734375 0.015625 0.0390625
3 0.35546875 0.3515625 0.015625 0.0390625
5 0.38125 0.38671875 0.01953125 0.0390625
2 0.35546875 0.2734375 0.02734375 0.05859375
3 0.3375 0.1171875 0.0234375 0.0546875
2 0.43125 0.4140625 0.0234375 0.05078125
3 0.4 0.47265625 0.02734375 0.0546875