0 0.54296875 0.16015625 0.01953125 0.01171875
1 0.521875 0.2578125 0.03515625 0.0234375
4 0.5546875 0.290625 0.03125 0.01953125
5 0.43359375 0.32421875 0.0234375 0.01171875
5 0.3203125 0.328125 0.03125 0.01953125
0 0.2828125 0.3609375 0.01953125 0.01171875
5 0.259375 0.36328125 0.01953125 0.01171875
2 0.2421875 0.396875 0.0234375 0.015625
2 0.19140625 0.4140625 0.01953125 0.01171875
2 0.21875 0.446875 0.0390625 0.0234375
2 0.3265625 0.42578125 0.0390625 0.02734375
5 0.3890625 0.4 0.01953125 0.015625
0 0.46484375 0.35546875 0.04296875 0.02734375
5 0.553125 0.3734375 0.03125 0.01953125
3 0.48828125 0.39453125 0.046875 0.02734375
2 0.4203125 0.4078125 0.02734375 0.01953125
3 0.45703125 0.43359375 0.03125 0.01953125
1 0.48828125 0.46875 0.0234375 0.015625
3 0.578125 0.421875 0.03515625 0.0234375
5 0.553125 0.453125 0.03125 0.01953125
2 0.63125 0.421875 0.046875 0.03125
3 0.7484375 0.384375 0.04296875 0.02734375
2 0.89453125 0.42578125 0.046875 0.02734375
3 0.75625 0.60546875 0.046875 0.03515625
5 0.6328125 0.6484375 0.0546875 0.03515625
1 0.5234375 0.62890625 0.0390625 0.03125
4 0.5625 0.6640625 0.046875 0.03515625
3 0.52734375 0.6859375 0.03515625 0.0234375
0 0.44375 0.7109375 0.0234375 0.01953125
0 0.34765625 0.709375 0.02734375 0.01953125
3 0.5078125 0.725 0.046875 0.03515625
1 0.71484375 0.546875 0.05078125 0.03515625
2 0.62109375 0.5375 0.0546875 0.03515625
0 0.5765625 0.4859375 0.046875 0.03125
3 0.4984375 0.490625 0.04296875 0.02734375
5 0.4375 0.50625 0.03125 0.01953125
2 0.546875 0.515625 0.0390625 0.02734375
2 0.5 0.52734375 0.03125 0.0234375
2 0.3671875 0.55625 0.03125 0.01953125
5 0.30859375 0.48828125 0.04296875 0.02734375
1 0.28125 0.5140625 0.02734375 0.01953125
1 0.27734375 0.540625 0.03125 0.01953125
5 0.25390625 0.55078125 0.02734375 0.01953125
0 0.27734375 0.6 0.02734375 0.01953125
3 0.35 0.59765625 0.0234375 0.015625