4 0.24609375 0.71484375 0.04296875 0.0234375
2 0.25 0.6796875 0.0390625 0.0234375
2 0.33203125 0.6171875 0.01953125 0.01171875
0 0.3203125 0.58203125 0.01953125 0.01171875
2 0.32421875 0.521875 0.046875 0.02734375
3 0.271875 0.459375 0.02734375 0.01953125
1 0.290625 0.4359375 0.04296875 0.02734375
3 0.3515625 0.4375 0.03125 0.01953125
3 0.4140625 0.421875 0.04296875 0.03125
3 0.38671875 0.38125 0.03515625 0.0234375
1 0.35 0.3671875 0.02734375 0.01953125
1 0.2265625 0.35546875 0.05078125 0.03125
0 0.5375 0.303125 0.04296875 0.03125
5 0.7421875 0.44921875 0.01953125 0.015625
2 0.703125 0.50390625 0.0390625 0.0234375
5 0.71484375 0.51953125 0.01953125 0.01171875
2 0.765625 0.54296875 0.0234375 0.01171875
1 0.81640625 0.553125 0.01953125 0.01171875
2 0.8453125 0.56640625 0.0234375 0.015625
3 0.8140625 0.58984375 0.03125 0.0234375
2 0.83984375 0.5078125 0.01953125 0.015625
2 0.82421875 0.490625 0.0234375 0.01171875
1 0.86328125 0.4859375 0.03125 0.015625
4 0.859375 0.4609375 0.0234375 0.015625
2 0.8125 0.61328125 0.0234375 0.015625
5 0.7796875 0.6109375 0.01953125 0.01171875
5 0.71484375 0.5625 0.03125 0.01953125
2 0.609375 0.6234375 0.03125 0.0234375
1 0.6 0.578125 0.03125 0.0234375
2 0.5640625 0.5875 0.01953125 0.015625
2 0.5375 0.59375 0.0234375 0.015625
2 0.5 0.6390625 0.0234375 0.015625
5 0.4765625 0.68125 0.03125 0.015625
3 0.515625 0.540625 0.03125 0.01953125
1 0.55859375 0.5328125 0.015625 0.01171875
1 0.6171875 0.4984375 0.015625 0.01171875
4 0.56640625 0.4671875 0.0234375 0.015625
0 0.55859375 0.4453125 0.03125 0.0234375
3 0.6109375 0.4234375 0.02734375 0.01953125
0 0.578125 0.38671875 0.03515625 0.02734375
2 0.09375 0.540625 0.03515625 0.01953125
2 0.6578125 0.6703125 0.015625 0.01171875
1 0.76171875 0.69140625 0.0234375 0.015625
0 0.5015625 0.48828125 0.04296875 0.02734375
3 0.19140625 0.5171875 0.046875 0.02734375