2 0.28125 0.9515625 0.0546875 0.03515625
5 0.275 0.6109375 0.1171875 0.078125
2 0.43359375 0.525 0.0703125 0.046875
5 0.2421875 0.47265625 0.05859375 0.0390625
2 0.1390625 0.40625 0.15234375 0.1015625
5 0.21875 0.21484375 0.078125 0.0546875
1 0.6171875 0.98046875 0.0546875 0.03515625
5 0.578125 0.73828125 0.0625 0.046875
2 0.6734375 0.7328125 0.078125 0.0546875
3 0.6421875 0.66015625 0.1171875 0.078125
2 0.725 0.56640625 0.08203125 0.05859375
1 0.6171875 0.5390625 0.0625 0.04296875
2 0.63125 0.375 0.07421875 0.0546875
2 0.5546875 0.32421875 0.0703125 0.0546875
1 0.671875 0.29296875 0.08984375 0.06640625
4 0.640625 0.2125 0.0703125 0.0546875
2 0.0375 0.84375 0.07421875 0.06640625