2 0.64453125 0.82421875 0.0390625 0.0703125
3 0.603125 0.6421875 0.05078125 0.08984375
2 0.6015625 0.38125 0.046875 0.08984375
0 0.68359375 0.4 0.01953125 0.03515625
2 0.734375 0.37890625 0.015625 0.03125
2 0.834375 0.5171875 0.02734375 0.06640625
4 0.8765625 0.525 0.02734375 0.06640625
5 0.81640625 0.134375 0.0234375 0.05078125
3 0.40234375 0.1640625 0.0625 0.1015625
3 0.4359375 0.31875 0.0390625 0.06640625
1 0.44140625 0.44140625 0.0625 0.09375
3 0.484375 0.4921875 0.0390625 0.05859375
1 0.2671875 0.58984375 0.09765625 0.1328125
1 0.28125 0.30625 0.05078125 0.0703125
3 0.30859375 0.225 0.0625 0.0859375