0 0.8359375 0.64453125 0.0078125 0.015625
1 0.76953125 0.60546875 0.015625 0.03515625
4 0.7484375 0.5546875 0.015625 0.03125
5 0.6953125 0.6546875 0.0078125 0.01953125
0 0.6859375 0.6015625 0.01953125 0.0390625
5 0.66796875 0.76953125 0.015625 0.02734375
5 0.625 0.65234375 0.015625 0.0234375
2 0.6265625 0.61328125 0.01171875 0.0234375
2 0.5921875 0.6953125 0.0234375 0.04296875
0 0.62890625 0.79296875 0.0078125 0.01953125
5 0.62109375 0.81640625 0.01171875 0.0234375
2 0.5875 0.8203125 0.01171875 0.0234375
2 0.55859375 0.86328125 0.015625 0.0234375
2 0.546875 0.8046875 0.0234375 0.0390625
5 0.53515625 0.6734375 0.0234375 0.0390625
1 0.5 0.69140625 0.015625 0.03125
1 0.475 0.68125 0.01953125 0.03125
5 0.4546875 0.7046875 0.01953125 0.03125
0 0.415625 0.6390625 0.015625 0.02734375
3 0.44140625 0.5609375 0.015625 0.02734375
2 0.484375 0.571875 0.015625 0.02734375
5 0.55078125 0.5296875 0.015625 0.02734375
3 0.6171875 0.55625 0.015625 0.03125
3 0.66015625 0.5484375 0.0234375 0.04296875
5 0.6875 0.50390625 0.015625 0.03125
3 0.65625 0.446875 0.01953125 0.03515625
2 0.671875 0.390625 0.0234375 0.0390625
5 0.625 0.446875 0.015625 0.02734375
1 0.59375 0.50390625 0.01171875 0.0234375
3 0.584375 0.4765625 0.0234375 0.0390625
2 0.55078125 0.44921875 0.015625 0.02734375
2 0.57421875 0.41015625 0.01953125 0.03125
0 0.6109375 0.4 0.0234375 0.04296875
3 0.7265625 0.3125 0.0234375 0.0390625
2 0.7265625 0.16015625 0.0234375 0.0390625
2 0.5796875 0.3203125 0.02734375 0.04296875
1 0.59765625 0.2265625 0.0234375 0.046875
3 0.5640625 0.14453125 0.02734375 0.05078125
5 0.4921875 0.2203125 0.03125 0.0546875
1 0.4703125 0.35 0.0234375 0.03515625
4 0.453125 0.28515625 0.0234375 0.0390625
3 0.421875 0.30078125 0.02734375 0.046875
3 0.38125 0.2890625 0.02734375 0.0390625
0 0.365625 0.36875 0.01953125 0.03125
0 0.334375 0.475 0.01953125 0.03125