4 0.71875 0.75390625 0.02734375 0.04296875
2 0.68359375 0.75 0.0234375 0.0390625
2 0.61875 0.66796875 0.01171875 0.01953125
0 0.58203125 0.6796875 0.01171875 0.01953125
2 0.5234375 0.67578125 0.02734375 0.046875
3 0.459375 0.728125 0.01953125 0.02734375
1 0.4359375 0.709375 0.02734375 0.04296875
3 0.4390625 0.6484375 0.01953125 0.03125
3 0.42578125 0.5859375 0.03125 0.04296875
3 0.3828125 0.61328125 0.0234375 0.03515625
1 0.3671875 0.65 0.01953125 0.02734375
1 0.35546875 0.7734375 0.03125 0.05078125
0 0.3046875 0.4625 0.03125 0.04296875
5 0.44921875 0.2578125 0.015625 0.01953125
2 0.50390625 0.296875 0.02734375 0.0390625
5 0.521875 0.28515625 0.01171875 0.01953125
2 0.54296875 0.234375 0.01171875 0.0234375
1 0.553125 0.18359375 0.01171875 0.01953125
2 0.56640625 0.1546875 0.015625 0.0234375
3 0.59375 0.1859375 0.0234375 0.03125
2 0.5078125 0.16015625 0.015625 0.01953125
2 0.490625 0.17578125 0.01171875 0.0234375
1 0.48828125 0.13671875 0.015625 0.03125
4 0.46484375 0.140625 0.015625 0.0234375
2 0.615625 0.1875 0.015625 0.0234375
5 0.61328125 0.2203125 0.01171875 0.01953125
5 0.5640625 0.28515625 0.01953125 0.03125
2 0.625 0.390625 0.0234375 0.03515625
1 0.578125 0.4 0.0234375 0.03125
2 0.5875 0.4359375 0.015625 0.01953125
2 0.5953125 0.4625 0.015625 0.0234375
2 0.640625 0.5 0.015625 0.02734375
5 0.68359375 0.5234375 0.015625 0.03125
3 0.54296875 0.484375 0.01953125 0.03125
1 0.53515625 0.44140625 0.01171875 0.01953125
1 0.5 0.3828125 0.01171875 0.01953125
4 0.4671875 0.43359375 0.015625 0.0234375
0 0.4453125 0.44140625 0.0234375 0.03125
3 0.4234375 0.3890625 0.01953125 0.02734375
0 0.3890625 0.421875 0.02734375 0.03515625
2 0.54296875 0.90625 0.01953125 0.03515625
2 0.6703125 0.3421875 0.01171875 0.015625
1 0.69140625 0.23828125 0.015625 0.0234375
0 0.490625 0.4984375 0.02734375 0.04296875
3 0.5171875 0.80859375 0.02734375 0.046875