5 0.86328125 0.27734375 0.0546875 0.0234375
2 0.75 0.2984375 0.03515625 0.015625
2 0.6234375 0.3125 0.0390625 0.01953125
2 0.58984375 0.3046875 0.03125 0.015625
3 0.540625 0.36875 0.05859375 0.03125
1 0.490625 0.35546875 0.03125 0.01953125
0 0.4390625 0.4203125 0.05859375 0.03515625
3 0.37890625 0.55859375 0.08203125 0.0546875
3 0.49609375 0.61328125 0.0625 0.04296875
1 0.55078125 0.6734375 0.08984375 0.06640625
3 0.6484375 0.6796875 0.0703125 0.05078125
1 0.428125 0.875 0.12109375 0.1015625
0 0.1640625 0.4546875 0.0546875 0.02734375
5 0.18359375 0.3046875 0.03125 0.015625
3 0.21875 0.40234375 0.0390625 0.0234375
4 0.34765625 0.40234375 0.04296875 0.01953125
0 0.3046875 0.421875 0.05859375 0.02734375
1 0.37109375 0.34375 0.03125 0.015625
2 0.29296875 0.2734375 0.05859375 0.0234375
2 0.3359375 0.2265625 0.0234375 0.01171875
5 0.3984375 0.228125 0.05078125 0.0234375
5 0.4390625 0.171875 0.03125 0.01171875
2 0.4140625 0.15234375 0.03125 0.01171875
3 0.37109375 0.1625 0.046875 0.01953125
2 0.3125 0.1703125 0.03125 0.01171875
1 0.3140625 0.19375 0.0234375 0.01171875
2 0.203125 0.2328125 0.0234375 0.01171875
2 0.21875 0.2109375 0.03125 0.015625
1 0.1703125 0.2125 0.03515625 0.015625
4 0.134375 0.2328125 0.02734375 0.01171875
1 0.5859375 0.12890625 0.0234375 0.0078125
2 0.640625 0.1890625 0.02734375 0.0078125
2 0.603125 0.240625 0.046875 0.0234375
1 0.5234375 0.28515625 0.0546875 0.03125
2 0.9296875 0.446875 0.0390625 0.01953125
0 0.86875 0.49375 0.03515625 0.0234375
2 0.71875 0.5390625 0.0703125 0.04296875
3 0.9125 0.6953125 0.09375 0.0625
3 0.3203125 0.63671875 0.0625 0.0390625
1 0.32421875 0.6953125 0.0625 0.046875
0 0.021875 0.5609375 0.04296875 0.04296875
5 0.33203125 0.2671875 0.0234375 0.01171875