2 0.71875 0.9515625 0.0546875 0.03515625
5 0.725 0.6109375 0.1171875 0.078125
2 0.56640625 0.525 0.0703125 0.046875
5 0.7578125 0.47265625 0.05859375 0.0390625
2 0.8609375 0.40625 0.15234375 0.1015625
5 0.78125 0.21484375 0.078125 0.0546875
1 0.3828125 0.98046875 0.0546875 0.03515625
5 0.421875 0.73828125 0.0625 0.046875
2 0.3265625 0.7328125 0.078125 0.0546875
3 0.3578125 0.66015625 0.1171875 0.078125
2 0.275 0.56640625 0.08203125 0.05859375
1 0.3828125 0.5390625 0.0625 0.04296875
2 0.36875 0.375 0.07421875 0.0546875
2 0.4453125 0.32421875 0.0703125 0.0546875
1 0.328125 0.29296875 0.08984375 0.06640625
4 0.359375 0.2125 0.0703125 0.0546875
2 0.9625 0.84375 0.07421875 0.06640625