0 0.1640625 0.64453125 0.0078125 0.015625
1 0.23046875 0.60546875 0.015625 0.03515625
4 0.2515625 0.5546875 0.015625 0.03125
5 0.3046875 0.6546875 0.0078125 0.01953125
0 0.3140625 0.6015625 0.01953125 0.0390625
5 0.33203125 0.76953125 0.015625 0.02734375
5 0.375 0.65234375 0.015625 0.0234375
2 0.3734375 0.61328125 0.01171875 0.0234375
2 0.4078125 0.6953125 0.0234375 0.04296875
0 0.37109375 0.79296875 0.0078125 0.01953125
5 0.37890625 0.81640625 0.01171875 0.0234375
2 0.4125 0.8203125 0.01171875 0.0234375
2 0.44140625 0.86328125 0.015625 0.0234375
2 0.453125 0.8046875 0.0234375 0.0390625
5 0.46484375 0.6734375 0.0234375 0.0390625
1 0.5 0.69140625 0.015625 0.03125
1 0.525 0.68125 0.01953125 0.03125
5 0.5453125 0.7046875 0.01953125 0.03125
0 0.584375 0.6390625 0.015625 0.02734375
3 0.55859375 0.5609375 0.015625 0.02734375
2 0.515625 0.571875 0.015625 0.02734375
5 0.44921875 0.5296875 0.015625 0.02734375
3 0.3828125 0.55625 0.015625 0.03125
3 0.33984375 0.5484375 0.0234375 0.04296875
5 0.3125 0.50390625 0.015625 0.03125
3 0.34375 0.446875 0.01953125 0.03515625
2 0.328125 0.390625 0.0234375 0.0390625
5 0.375 0.446875 0.015625 0.02734375
1 0.40625 0.50390625 0.01171875 0.0234375
3 0.415625 0.4765625 0.0234375 0.0390625
2 0.44921875 0.44921875 0.015625 0.02734375
2 0.42578125 0.41015625 0.01953125 0.03125
0 0.3890625 0.4 0.0234375 0.04296875
3 0.2734375 0.3125 0.0234375 0.0390625
2 0.2734375 0.16015625 0.0234375 0.0390625
2 0.4203125 0.3203125 0.02734375 0.04296875
1 0.40234375 0.2265625 0.0234375 0.046875
3 0.4359375 0.14453125 0.02734375 0.05078125
5 0.5078125 0.2203125 0.03125 0.0546875
1 0.5296875 0.35 0.0234375 0.03515625
4 0.546875 0.28515625 0.0234375 0.0390625
3 0.578125 0.30078125 0.02734375 0.046875
3 0.61875 0.2890625 0.02734375 0.0390625
0 0.634375 0.36875 0.01953125 0.03125
0 0.665625 0.475 0.01953125 0.03125