2 0.0484375 0.28125 0.03515625 0.05859375
5 0.390625 0.275 0.078125 0.1171875
2 0.475 0.43359375 0.046875 0.0703125
5 0.52734375 0.2421875 0.04296875 0.05859375
2 0.5953125 0.1390625 0.1015625 0.15234375
5 0.7890625 0.21875 0.05859375 0.078125
1 0.021875 0.6171875 0.03515625 0.0546875
5 0.2640625 0.578125 0.046875 0.06640625
2 0.26953125 0.6734375 0.0546875 0.078125
3 0.33984375 0.6421875 0.078125 0.1171875
2 0.4359375 0.725 0.05859375 0.08203125
1 0.4625 0.6171875 0.04296875 0.0625
2 0.625 0.63125 0.05859375 0.07421875
2 0.67578125 0.5546875 0.0546875 0.0703125
1 0.709375 0.671875 0.06640625 0.08984375
4 0.7890625 0.640625 0.0546875 0.0703125
2 0.15625 0.0375 0.06640625 0.07421875