0 0.45703125 0.15625 0.015625 0.0078125
1 0.48046875 0.25625 0.03515625 0.0234375
4 0.446875 0.290625 0.03125 0.01953125
5 0.56640625 0.321875 0.0234375 0.01171875
5 0.6796875 0.328125 0.03125 0.015625
0 0.71875 0.3609375 0.01953125 0.01171875
5 0.7421875 0.36328125 0.01953125 0.01171875
2 0.759375 0.396875 0.0234375 0.015625
2 0.80859375 0.4125 0.01953125 0.01171875
2 0.78125 0.4453125 0.0390625 0.0234375
2 0.67578125 0.42578125 0.0390625 0.0234375
5 0.6109375 0.4 0.01953125 0.015625
0 0.5375 0.3515625 0.04296875 0.0234375
5 0.446875 0.37109375 0.03125 0.01953125
3 0.51171875 0.39453125 0.046875 0.02734375
2 0.58203125 0.4078125 0.02734375 0.01953125
3 0.54296875 0.43359375 0.03125 0.01953125
1 0.51171875 0.46875 0.0234375 0.015625
3 0.42578125 0.421875 0.03125 0.0234375
5 0.446875 0.4515625 0.03125 0.01953125
2 0.36875 0.421875 0.046875 0.03125
3 0.2515625 0.384375 0.04296875 0.02734375
2 0.10546875 0.4234375 0.046875 0.02734375
3 0.24375 0.60546875 0.046875 0.03125
5 0.3671875 0.6484375 0.0546875 0.03515625
1 0.478125 0.62890625 0.0390625 0.03125
4 0.44140625 0.6640625 0.046875 0.03515625
3 0.47265625 0.68359375 0.03125 0.0234375
0 0.55859375 0.7109375 0.0234375 0.015625
0 0.65234375 0.709375 0.0234375 0.01953125
3 0.4921875 0.725 0.046875 0.03515625
1 0.2875 0.546875 0.05078125 0.03125
2 0.3828125 0.53515625 0.0546875 0.03515625
0 0.42578125 0.484375 0.046875 0.03125
3 0.5015625 0.48828125 0.04296875 0.02734375
5 0.5625 0.50625 0.03125 0.01953125
2 0.453125 0.51171875 0.0390625 0.0234375
2 0.5015625 0.525 0.03125 0.0234375
2 0.63671875 0.5546875 0.03125 0.01953125
5 0.69140625 0.48828125 0.0390625 0.02734375
1 0.7203125 0.5140625 0.02734375 0.01953125
1 0.7265625 0.5390625 0.03125 0.01953125
5 0.75 0.546875 0.0234375 0.015625
0 0.72265625 0.6 0.0234375 0.01953125
3 0.65234375 0.5953125 0.0234375 0.015625