5 0.52734375 0.23828125 0.0234375 0.05078125
5 0.4984375 0.3671875 0.01953125 0.046875
5 0.4828125 0.421875 0.01953125 0.04296875
5 0.46484375 0.5328125 0.01953125 0.0390625
5 0.52734375 0.47265625 0.03125 0.0703125
5 0.5625 0.35546875 0.03125 0.078125
5 0.59765625 0.275 0.0234375 0.0703125
5 0.62890625 0.2828125 0.01171875 0.03125
5 0.60546875 0.234375 0.01171875 0.03515625
5 0.6 0.3671875 0.015625 0.04296875
5 0.65625 0.3890625 0.01953125 0.05859375
5 0.678125 0.37890625 0.01171875 0.03125
5 0.6625 0.31875 0.01171875 0.04296875
5 0.6703125 0.4390625 0.01171875 0.0390625
5 0.6234375 0.44140625 0.01953125 0.05859375
5 0.5609375 0.453125 0.015625 0.0390625
5 0.49609375 0.6328125 0.0234375 0.05078125
5 0.55859375 0.5375 0.0234375 0.0546875
5 0.5703125 0.62109375 0.015625 0.0390625
5 0.56640625 0.696875 0.015625 0.03515625
5 0.5390625 0.640625 0.0234375 0.0625
5 0.5546875 0.7796875 0.0234375 0.06640625
5 0.60546875 0.8375 0.01171875 0.03125
5 0.640625 0.75625 0.015625 0.046875
5 0.678125 0.71484375 0.015625 0.046875
5 0.7171875 0.671875 0.015625 0.0546875
5 0.6796875 0.62109375 0.015625 0.04296875
5 0.6953125 0.59375 0.0078125 0.03125
5 0.6875 0.5484375 0.0078125 0.02734375
5 0.69140625 0.46484375 0.0078125 0.0234375
5 0.66796875 0.5015625 0.0078125 0.02734375
5 0.66015625 0.5609375 0.015625 0.046875
5 0.646875 0.4984375 0.01171875 0.0390625
5 0.6265625 0.55078125 0.01953125 0.0546875
5 0.61875 0.62890625 0.01953125 0.0546875
5 0.6234375 0.70703125 0.0234375 0.0625
5 0.58984375 0.80078125 0.01953125 0.04296875
5 0.58203125 0.52734375 0.01171875 0.03125
5 0.65234375 0.646875 0.0234375 0.0625
5 0.4375 0.4390625 0.03125 0.05859375