2 0.8046875 0.49609375 0.0078125 0.01953125
2 0.7890625 0.53515625 0.0078125 0.015625
2 0.7890625 0.4609375 0.015625 0.0390625
5 0.7890625 0.5859375 0.0078125 0.01953125
0 0.77734375 0.59765625 0.0078125 0.015625
5 0.771875 0.65625 0.01171875 0.0234375
2 0.7421875 0.525 0.01953125 0.0390625
5 0.734375 0.4375 0.01953125 0.03515625
1 0.73828125 0.39453125 0.015625 0.0234375
1 0.734375 0.359375 0.01171875 0.02734375
5 0.73828125 0.3421875 0.01171875 0.0234375
0 0.71484375 0.28515625 0.0078125 0.0234375
2 0.6796875 0.37109375 0.015625 0.0234375
3 0.67578125 0.3109375 0.01171875 0.0234375
5 0.7109375 0.58984375 0.015625 0.0234375
5 0.7109375 0.71875 0.0078125 0.015625
0 0.69140625 0.68359375 0.0234375 0.0390625
2 0.69375 0.5921875 0.01171875 0.0234375
3 0.665625 0.63671875 0.0234375 0.04296875
3 0.6640625 0.57421875 0.015625 0.03125
5 0.65234375 0.4609375 0.015625 0.0234375
1 0.6875 0.85546875 0.0234375 0.04296875
4 0.65234375 0.828125 0.01953125 0.03515625
5 0.625 0.70703125 0.015625 0.03125
3 0.59765625 0.64453125 0.0234375 0.0390625
5 0.6 0.5859375 0.015625 0.03125
1 0.6328125 0.5390625 0.01171875 0.0234375
3 0.625 0.5078125 0.0234375 0.0390625
2 0.61328125 0.459375 0.015625 0.03125
2 0.56640625 0.6640625 0.02734375 0.046875
0 0.58203125 0.54296875 0.0234375 0.046875
2 0.5859375 0.49609375 0.0234375 0.0390625
0 0.64453125 0.16015625 0.015625 0.0234375
1 0.56640625 0.3203125 0.0234375 0.0390625
3 0.546875 0.2421875 0.0234375 0.0390625
3 0.55078125 0.1796875 0.0234375 0.046875
0 0.58984375 0.18359375 0.015625 0.0234375
4 0.53515625 0.28125 0.0234375 0.0390625
5 0.49375 0.328125 0.03515625 0.0546875
3 0.421875 0.4375 0.0390625 0.0546875
1 0.47265625 0.51171875 0.03125 0.046875
2 0.5375 0.48828125 0.02734375 0.046875
3 0.4984375 0.7890625 0.03125 0.0546875
2 0.3671875 0.8109375 0.0390625 0.05859375