0 0.15625 0.54296875 0.0078125 0.015625
1 0.25625 0.521875 0.0234375 0.03515625
4 0.290625 0.5546875 0.01953125 0.03125
5 0.321875 0.43359375 0.01171875 0.0234375
5 0.328125 0.3203125 0.015625 0.03125
0 0.3609375 0.2828125 0.01171875 0.01953125
5 0.36328125 0.259375 0.01171875 0.01953125
2 0.396875 0.2421875 0.015625 0.0234375
2 0.4125 0.19140625 0.01171875 0.01953125
2 0.4453125 0.21875 0.0234375 0.0390625
2 0.42578125 0.3265625 0.0234375 0.0390625
5 0.4 0.3890625 0.015625 0.01953125
0 0.3515625 0.46484375 0.0234375 0.04296875
5 0.37109375 0.553125 0.01953125 0.03125
3 0.39453125 0.48828125 0.02734375 0.046875
2 0.4078125 0.4203125 0.01953125 0.02734375
3 0.43359375 0.45703125 0.01953125 0.03125
1 0.46875 0.48828125 0.015625 0.0234375
3 0.421875 0.578125 0.0234375 0.03125
5 0.4515625 0.553125 0.01953125 0.03125
2 0.421875 0.63125 0.03125 0.046875
3 0.384375 0.7484375 0.02734375 0.04296875
2 0.4234375 0.89453125 0.02734375 0.046875
3 0.60546875 0.75625 0.03125 0.046875
5 0.6484375 0.6328125 0.03515625 0.0546875
1 0.62890625 0.5234375 0.03125 0.0390625
4 0.6640625 0.5625 0.03515625 0.046875
3 0.68359375 0.52734375 0.0234375 0.03125
0 0.7109375 0.44375 0.015625 0.0234375
0 0.709375 0.34765625 0.01953125 0.0234375
3 0.725 0.5078125 0.03515625 0.046875
1 0.546875 0.71484375 0.03125 0.05078125
2 0.53515625 0.62109375 0.03515625 0.0546875
0 0.484375 0.5765625 0.03125 0.046875
3 0.48828125 0.4984375 0.02734375 0.04296875
5 0.50625 0.4375 0.01953125 0.03125
2 0.51171875 0.546875 0.0234375 0.0390625
2 0.525 0.5 0.0234375 0.03125
2 0.5546875 0.3671875 0.01953125 0.03125
5 0.48828125 0.30859375 0.02734375 0.0390625
1 0.5140625 0.28125 0.01953125 0.02734375
1 0.5390625 0.27734375 0.01953125 0.03125
5 0.546875 0.25390625 0.015625 0.0234375
0 0.6 0.27734375 0.01953125 0.0234375
3 0.5953125 0.35 0.015625 0.0234375