2 0.90625 0.7203125 0.03125 0.04296875
0 0.8203125 0.6703125 0.03125 0.04296875
2 0.7953125 0.15 0.05078125 0.078125
3 0.6953125 0.3515625 0.078125 0.10546875
2 0.66796875 0.65234375 0.0625 0.1015625
3 0.53515625 0.4921875 0.046875 0.0625
1 0.46484375 0.52734375 0.0703125 0.09765625
3 0.45703125 0.6546875 0.046875 0.0625
3 0.3921875 0.79296875 0.0703125 0.08984375
3 0.31640625 0.7015625 0.0546875 0.07421875
1 0.296875 0.61328125 0.046875 0.0625
1 0.30625 0.34375 0.0703125 0.1015625
0 0.0765625 0.9765625 0.05859375 0.046875