0 0.54296875 0.15625 0.015625 0.0078125
1 0.51953125 0.25625 0.03515625 0.0234375
4 0.553125 0.290625 0.03125 0.01953125
5 0.43359375 0.321875 0.0234375 0.01171875
5 0.3203125 0.328125 0.03125 0.015625
0 0.28125 0.3609375 0.01953125 0.01171875
5 0.2578125 0.36328125 0.01953125 0.01171875
2 0.240625 0.396875 0.0234375 0.015625
2 0.19140625 0.4125 0.01953125 0.01171875
2 0.21875 0.4453125 0.0390625 0.0234375
2 0.32421875 0.42578125 0.0390625 0.0234375
5 0.3890625 0.4 0.01953125 0.015625
0 0.4625 0.3515625 0.04296875 0.0234375
5 0.553125 0.37109375 0.03125 0.01953125
3 0.48828125 0.39453125 0.046875 0.02734375
2 0.41796875 0.4078125 0.02734375 0.01953125
3 0.45703125 0.43359375 0.03125 0.01953125
1 0.48828125 0.46875 0.0234375 0.015625
3 0.57421875 0.421875 0.03125 0.0234375
5 0.553125 0.4515625 0.03125 0.01953125
2 0.63125 0.421875 0.046875 0.03125
3 0.7484375 0.384375 0.04296875 0.02734375
2 0.89453125 0.4234375 0.046875 0.02734375
3 0.75625 0.60546875 0.046875 0.03125
5 0.6328125 0.6484375 0.0546875 0.03515625
1 0.521875 0.62890625 0.0390625 0.03125
4 0.55859375 0.6640625 0.046875 0.03515625
3 0.52734375 0.68359375 0.03125 0.0234375
0 0.44140625 0.7109375 0.0234375 0.015625
0 0.34765625 0.709375 0.0234375 0.01953125
3 0.5078125 0.725 0.046875 0.03515625
1 0.7125 0.546875 0.05078125 0.03125
2 0.6171875 0.53515625 0.0546875 0.03515625
0 0.57421875 0.484375 0.046875 0.03125
3 0.4984375 0.48828125 0.04296875 0.02734375
5 0.4375 0.50625 0.03125 0.01953125
2 0.546875 0.51171875 0.0390625 0.0234375
2 0.4984375 0.525 0.03125 0.0234375
2 0.36328125 0.5546875 0.03125 0.01953125
5 0.30859375 0.48828125 0.0390625 0.02734375
1 0.2796875 0.5140625 0.02734375 0.01953125
1 0.2734375 0.5390625 0.03125 0.01953125
5 0.25 0.546875 0.0234375 0.015625
0 0.27734375 0.6 0.0234375 0.01953125
3 0.34765625 0.5953125 0.0234375 0.015625