4 0.28515625 0.75390625 0.02734375 0.04296875
2 0.3203125 0.75 0.0234375 0.0390625
2 0.3828125 0.66796875 0.01171875 0.01953125
0 0.41796875 0.6796875 0.01171875 0.01953125
2 0.478125 0.67578125 0.02734375 0.046875
3 0.540625 0.728125 0.01953125 0.02734375
1 0.5640625 0.709375 0.02734375 0.04296875
3 0.5625 0.6484375 0.01953125 0.03125
3 0.578125 0.5859375 0.03125 0.04296875
3 0.61875 0.61328125 0.0234375 0.03515625
1 0.6328125 0.65 0.01953125 0.02734375
1 0.64453125 0.7734375 0.03125 0.05078125
0 0.696875 0.4625 0.03125 0.04296875
5 0.55078125 0.2578125 0.015625 0.01953125
2 0.49609375 0.296875 0.02734375 0.0390625
5 0.48046875 0.28515625 0.01171875 0.01953125
2 0.45703125 0.234375 0.01171875 0.0234375
1 0.446875 0.18359375 0.01171875 0.01953125
2 0.43359375 0.1546875 0.015625 0.0234375
3 0.41015625 0.1859375 0.0234375 0.03125
2 0.4921875 0.16015625 0.015625 0.01953125
2 0.509375 0.17578125 0.01171875 0.0234375
1 0.5140625 0.13671875 0.015625 0.03125
4 0.5390625 0.140625 0.015625 0.0234375
2 0.38671875 0.1875 0.015625 0.0234375
5 0.3890625 0.2203125 0.01171875 0.01953125
5 0.4375 0.28515625 0.01953125 0.03125
2 0.3765625 0.390625 0.0234375 0.03515625
1 0.421875 0.4 0.0234375 0.03125
2 0.4125 0.4359375 0.015625 0.01953125
2 0.40625 0.4625 0.015625 0.0234375
2 0.3609375 0.5 0.015625 0.02734375
5 0.31875 0.5234375 0.015625 0.03125
3 0.459375 0.484375 0.01953125 0.03125
1 0.4671875 0.44140625 0.01171875 0.01953125
1 0.5015625 0.3828125 0.01171875 0.01953125
4 0.5328125 0.43359375 0.015625 0.0234375
0 0.5546875 0.44140625 0.0234375 0.03125
3 0.5765625 0.3890625 0.01953125 0.02734375
0 0.61328125 0.421875 0.02734375 0.03515625
2 0.459375 0.90625 0.01953125 0.03515625
2 0.3296875 0.3421875 0.01171875 0.015625
1 0.30859375 0.23828125 0.015625 0.0234375
0 0.51171875 0.4984375 0.02734375 0.04296875
3 0.4828125 0.80859375 0.02734375 0.046875