0 0.16015625 0.45703125 0.0078125 0.015625
1 0.2578125 0.478125 0.0234375 0.03515625
4 0.290625 0.4453125 0.01953125 0.03125
5 0.32421875 0.56640625 0.01171875 0.0234375
5 0.328125 0.6796875 0.015625 0.03125
0 0.3609375 0.7171875 0.01171875 0.01953125
5 0.36328125 0.740625 0.01171875 0.01953125
2 0.396875 0.7578125 0.015625 0.0234375
2 0.4140625 0.80859375 0.01171875 0.01953125
2 0.446875 0.78125 0.0234375 0.0390625
2 0.42578125 0.6734375 0.0234375 0.0390625
5 0.4 0.6109375 0.015625 0.01953125
0 0.35546875 0.53515625 0.0234375 0.04296875
5 0.3734375 0.446875 0.01953125 0.03125
3 0.39453125 0.51171875 0.02734375 0.046875
2 0.4078125 0.5796875 0.01953125 0.02734375
3 0.43359375 0.54296875 0.01953125 0.03125
1 0.46875 0.51171875 0.015625 0.0234375
3 0.421875 0.421875 0.0234375 0.03125
5 0.453125 0.446875 0.01953125 0.03125
2 0.421875 0.36875 0.03125 0.046875
3 0.384375 0.2515625 0.02734375 0.04296875
2 0.42578125 0.10546875 0.02734375 0.046875
3 0.60546875 0.24375 0.03125 0.046875
5 0.6484375 0.3671875 0.03515625 0.0546875
1 0.62890625 0.4765625 0.03125 0.0390625
4 0.6640625 0.4375 0.03515625 0.046875
3 0.6859375 0.47265625 0.0234375 0.03125
0 0.7109375 0.55625 0.015625 0.0234375
0 0.709375 0.65234375 0.01953125 0.0234375
3 0.725 0.4921875 0.03515625 0.046875
1 0.546875 0.28515625 0.03125 0.05078125
2 0.5375 0.37890625 0.03515625 0.0546875
0 0.4859375 0.4234375 0.03125 0.046875
3 0.490625 0.5015625 0.02734375 0.04296875
5 0.50625 0.5625 0.01953125 0.03125
2 0.515625 0.453125 0.0234375 0.0390625
2 0.52734375 0.5 0.0234375 0.03125
2 0.55625 0.6328125 0.01953125 0.03125
5 0.48828125 0.69140625 0.02734375 0.0390625
1 0.5140625 0.71875 0.01953125 0.02734375
1 0.540625 0.72265625 0.01953125 0.03125
5 0.55078125 0.74609375 0.015625 0.0234375
0 0.6 0.72265625 0.01953125 0.0234375
3 0.59765625 0.65 0.015625 0.0234375