5 0.27734375 0.13671875 0.0234375 0.0546875
2 0.2984375 0.25 0.015625 0.03515625
2 0.3125 0.3765625 0.01953125 0.0390625
2 0.3046875 0.41015625 0.015625 0.03125
3 0.36875 0.459375 0.03125 0.05859375
1 0.35546875 0.509375 0.01953125 0.03125
0 0.4203125 0.5609375 0.03515625 0.05859375
3 0.55859375 0.62109375 0.0546875 0.08203125
3 0.61328125 0.50390625 0.04296875 0.06640625
1 0.6734375 0.44921875 0.06640625 0.08984375
3 0.6796875 0.3515625 0.05078125 0.07421875
1 0.875 0.571875 0.10546875 0.12109375
0 0.4546875 0.8359375 0.02734375 0.05859375
5 0.3046875 0.81640625 0.015625 0.03125
3 0.40234375 0.78125 0.0234375 0.0390625
4 0.40234375 0.65234375 0.01953125 0.04296875
0 0.421875 0.6953125 0.02734375 0.05859375
1 0.34375 0.62890625 0.015625 0.03125
2 0.2734375 0.70703125 0.0234375 0.05859375
2 0.2265625 0.6640625 0.01171875 0.02734375
5 0.228125 0.6015625 0.0234375 0.05078125
5 0.171875 0.5609375 0.01171875 0.03125
2 0.15234375 0.5859375 0.01171875 0.03125
3 0.1625 0.62890625 0.01953125 0.046875
2 0.1703125 0.6875 0.01171875 0.03515625
1 0.19375 0.6859375 0.01171875 0.0234375
2 0.2328125 0.796875 0.01171875 0.0234375
2 0.2109375 0.78125 0.015625 0.03125
1 0.2125 0.8296875 0.015625 0.03515625
4 0.2328125 0.86328125 0.01171875 0.02734375
1 0.12890625 0.4140625 0.0078125 0.0234375
2 0.1890625 0.359375 0.0078125 0.02734375
2 0.240625 0.396875 0.0234375 0.046875
1 0.28515625 0.4765625 0.03125 0.05859375
2 0.446875 0.0703125 0.01953125 0.0390625
0 0.49375 0.13125 0.0234375 0.03515625
2 0.5390625 0.28125 0.04296875 0.07421875
3 0.6953125 0.0875 0.0625 0.09375
3 0.63671875 0.6796875 0.04296875 0.06640625
1 0.6953125 0.67578125 0.05078125 0.0625
0 0.5609375 0.978125 0.04296875 0.04296875
5 0.2671875 0.66796875 0.01171875 0.02734375