2 0.7203125 0.90625 0.04296875 0.03125
0 0.6703125 0.8203125 0.04296875 0.03125
2 0.15 0.7953125 0.078125 0.05078125
3 0.3515625 0.6953125 0.10546875 0.078125
2 0.65234375 0.66796875 0.1015625 0.0625
3 0.4921875 0.53515625 0.0625 0.046875
1 0.52734375 0.46484375 0.09765625 0.0703125
3 0.6546875 0.45703125 0.0625 0.046875
3 0.79296875 0.3921875 0.08984375 0.0703125
3 0.7015625 0.31640625 0.07421875 0.0546875
1 0.61328125 0.296875 0.0625 0.046875
1 0.34375 0.30625 0.1015625 0.0703125
0 0.9765625 0.0765625 0.046875 0.05859375