5 0.13671875 0.72265625 0.0546875 0.0234375
2 0.25 0.7015625 0.03515625 0.015625
2 0.3765625 0.6875 0.0390625 0.01953125
2 0.41015625 0.6953125 0.03125 0.015625
3 0.459375 0.63125 0.05859375 0.03125
1 0.509375 0.64453125 0.03125 0.01953125
0 0.5609375 0.5796875 0.05859375 0.03515625
3 0.62109375 0.44140625 0.08203125 0.0546875
3 0.50390625 0.38671875 0.0625 0.04296875
1 0.44921875 0.3265625 0.08984375 0.06640625
3 0.3515625 0.3203125 0.0703125 0.05078125
1 0.571875 0.125 0.12109375 0.1015625
0 0.8359375 0.5453125 0.0546875 0.02734375
5 0.81640625 0.6953125 0.03125 0.015625
3 0.78125 0.59765625 0.0390625 0.0234375
4 0.65234375 0.59765625 0.04296875 0.01953125
0 0.6953125 0.578125 0.05859375 0.02734375
1 0.62890625 0.65625 0.03125 0.015625
2 0.70703125 0.7265625 0.05859375 0.0234375
2 0.6640625 0.7734375 0.0234375 0.01171875
5 0.6015625 0.771875 0.05078125 0.0234375
5 0.5609375 0.828125 0.03125 0.01171875
2 0.5859375 0.84765625 0.03125 0.01171875
3 0.62890625 0.8375 0.046875 0.01953125
2 0.6875 0.8296875 0.03125 0.01171875
1 0.6859375 0.80625 0.0234375 0.01171875
2 0.796875 0.7671875 0.0234375 0.01171875
2 0.78125 0.7890625 0.03125 0.015625
1 0.8296875 0.7875 0.03515625 0.015625
4 0.86328125 0.7671875 0.0234375 0.01171875
1 0.4140625 0.87109375 0.0234375 0.0078125
2 0.359375 0.8109375 0.02734375 0.0078125
2 0.396875 0.759375 0.046875 0.0234375
1 0.4765625 0.71484375 0.0546875 0.03125
2 0.0703125 0.553125 0.0390625 0.01953125
0 0.13125 0.50625 0.03515625 0.0234375
2 0.28125 0.4609375 0.0703125 0.04296875
3 0.0875 0.3046875 0.09375 0.0625
3 0.6796875 0.36328125 0.0625 0.0390625
1 0.67578125 0.3046875 0.0625 0.046875
0 0.978125 0.4390625 0.04296875 0.04296875
5 0.66796875 0.7328125 0.0234375 0.01171875