0 0.35546875 0.8359375 0.015625 0.0078125
1 0.39453125 0.76953125 0.03515625 0.015625
4 0.4453125 0.7484375 0.03125 0.015625
5 0.3453125 0.6953125 0.01953125 0.0078125
0 0.3984375 0.6859375 0.0390625 0.01953125
5 0.23046875 0.66796875 0.02734375 0.015625
5 0.34765625 0.625 0.0234375 0.015625
2 0.38671875 0.6265625 0.0234375 0.01171875
2 0.3046875 0.5921875 0.04296875 0.0234375
0 0.20703125 0.62890625 0.01953125 0.0078125
5 0.18359375 0.62109375 0.0234375 0.01171875
2 0.1796875 0.5875 0.0234375 0.01171875
2 0.13671875 0.55859375 0.0234375 0.015625
2 0.1953125 0.546875 0.0390625 0.0234375
5 0.3265625 0.53515625 0.0390625 0.0234375
1 0.30859375 0.5 0.03125 0.015625
1 0.31875 0.475 0.03125 0.01953125
5 0.2953125 0.4546875 0.03125 0.01953125
0 0.3609375 0.415625 0.02734375 0.015625
3 0.4390625 0.44140625 0.02734375 0.015625
2 0.428125 0.484375 0.02734375 0.015625
5 0.4703125 0.55078125 0.02734375 0.015625
3 0.44375 0.6171875 0.03125 0.015625
3 0.4515625 0.66015625 0.04296875 0.0234375
5 0.49609375 0.6875 0.03125 0.015625
3 0.553125 0.65625 0.03515625 0.01953125
2 0.609375 0.671875 0.0390625 0.0234375
5 0.553125 0.625 0.02734375 0.015625
1 0.49609375 0.59375 0.0234375 0.01171875
3 0.5234375 0.584375 0.0390625 0.0234375
2 0.55078125 0.55078125 0.02734375 0.015625
2 0.58984375 0.57421875 0.03125 0.01953125
0 0.6 0.6109375 0.04296875 0.0234375
3 0.6875 0.7265625 0.0390625 0.0234375
2 0.83984375 0.7265625 0.0390625 0.0234375
2 0.6796875 0.5796875 0.04296875 0.02734375
1 0.7734375 0.59765625 0.046875 0.0234375
3 0.85546875 0.5640625 0.05078125 0.02734375
5 0.7796875 0.4921875 0.0546875 0.03125
1 0.65 0.4703125 0.03515625 0.0234375
4 0.71484375 0.453125 0.0390625 0.0234375
3 0.69921875 0.421875 0.046875 0.02734375
3 0.7109375 0.38125 0.0390625 0.02734375
0 0.63125 0.365625 0.03125 0.01953125
0 0.525 0.334375 0.03125 0.01953125