1 0.9078125 0.68359375 0.0078125 0.02734375
2 0.85546875 0.7890625 0.01171875 0.03125
2 0.80859375 0.7953125 0.02734375 0.0625
1 0.76171875 0.73046875 0.03125 0.06640625
2 0.734375 0.86328125 0.01953125 0.05078125
2 0.7359375 0.80859375 0.015625 0.0390625
3 0.66796875 0.80625 0.0390625 0.08203125
1 0.67578125 0.71875 0.01953125 0.046875
1 0.678125 0.55625 0.01953125 0.0390625
0 0.60546875 0.7265625 0.04296875 0.09765625
4 0.609375 0.5703125 0.02734375 0.05859375
0 0.584375 0.53125 0.0390625 0.08203125
3 0.59765625 0.40234375 0.02734375 0.0546875
0 0.53125 0.36328125 0.0390625 0.0703125
0 0.37109375 0.19921875 0.0703125 0.12109375
3 0.421875 0.7578125 0.07421875 0.12890625
3 0.2984375 0.71875 0.0546875 0.0859375
1 0.2109375 0.771875 0.08203125 0.109375
3 0.353125 0.946875 0.06640625 0.10546875
5 0.7046875 0.29296875 0.015625 0.0390625
2 0.7515625 0.43359375 0.03125 0.078125
4 0.78125 0.19140625 0.015625 0.03515625
1 0.8046875 0.23046875 0.015625 0.046875
2 0.78515625 0.27734375 0.01171875 0.03515625
2 0.80859375 0.290625 0.015625 0.04296875
2 0.85546875 0.384375 0.01171875 0.0390625
1 0.8296875 0.3984375 0.01171875 0.02734375
2 0.80078125 0.44140625 0.01171875 0.03125
5 0.80859375 0.53515625 0.0234375 0.06640625
5 0.859375 0.5390625 0.01171875 0.03515625
3 0.87109375 0.4609375 0.01953125 0.05859375
2 0.88125 0.50390625 0.01171875 0.03515625