2 0.2796875 0.90625 0.04296875 0.03125
0 0.3296875 0.8203125 0.04296875 0.03125
2 0.85 0.7953125 0.078125 0.05078125
3 0.6484375 0.6953125 0.10546875 0.078125
2 0.34765625 0.66796875 0.1015625 0.06640625
3 0.5078125 0.53515625 0.06640625 0.046875
1 0.47265625 0.46484375 0.09765625 0.0703125
3 0.3453125 0.45703125 0.0625 0.046875
3 0.20703125 0.3921875 0.08984375 0.0703125
3 0.2984375 0.31640625 0.07421875 0.0546875
1 0.38671875 0.296875 0.0625 0.046875
1 0.65625 0.30625 0.1015625 0.0703125
0 0.0234375 0.0765625 0.046875 0.05859375