0 0.84375 0.45703125 0.01171875 0.01953125
1 0.74375 0.48046875 0.0234375 0.03515625
4 0.709375 0.446875 0.01953125 0.03125
5 0.678125 0.56640625 0.01171875 0.0234375
5 0.671875 0.6796875 0.01953125 0.03125
0 0.6390625 0.71875 0.01171875 0.01953125
5 0.63671875 0.7421875 0.01171875 0.01953125
2 0.603125 0.759375 0.015625 0.0234375
2 0.5875 0.80859375 0.01171875 0.01953125
2 0.5546875 0.78125 0.0234375 0.0390625
2 0.57421875 0.67578125 0.02734375 0.0390625
5 0.6 0.6109375 0.015625 0.01953125
0 0.6484375 0.5375 0.02734375 0.04296875
5 0.62890625 0.446875 0.01953125 0.03125
3 0.60546875 0.51171875 0.02734375 0.046875
2 0.5921875 0.58203125 0.01953125 0.02734375
3 0.56640625 0.54296875 0.01953125 0.03125
1 0.53125 0.51171875 0.015625 0.0234375
3 0.578125 0.42578125 0.0234375 0.03515625
5 0.5484375 0.446875 0.01953125 0.03125
2 0.578125 0.36875 0.03125 0.046875
3 0.615625 0.2515625 0.02734375 0.04296875
2 0.5765625 0.10546875 0.02734375 0.046875
3 0.39453125 0.24375 0.03515625 0.046875
5 0.3515625 0.3671875 0.03515625 0.0546875
1 0.37109375 0.478125 0.03125 0.0390625
4 0.3359375 0.44140625 0.03515625 0.046875
3 0.31640625 0.47265625 0.0234375 0.03515625
0 0.2890625 0.55859375 0.01953125 0.0234375
0 0.290625 0.65234375 0.01953125 0.02734375
3 0.275 0.4921875 0.03515625 0.046875
1 0.453125 0.2875 0.03515625 0.05078125
2 0.46484375 0.3828125 0.03515625 0.0546875
0 0.515625 0.42578125 0.03125 0.046875
3 0.51171875 0.5015625 0.02734375 0.04296875
5 0.49375 0.5625 0.01953125 0.03125
2 0.48828125 0.453125 0.02734375 0.0390625
2 0.475 0.5015625 0.0234375 0.03125
2 0.4453125 0.63671875 0.01953125 0.03125
5 0.51171875 0.69140625 0.02734375 0.04296875
1 0.4859375 0.7203125 0.01953125 0.02734375
1 0.4609375 0.7265625 0.01953125 0.03125
5 0.453125 0.75 0.01953125 0.02734375
0 0.4 0.72265625 0.01953125 0.02734375
3 0.4046875 0.65234375 0.015625 0.0234375