2 0.82421875 0.35546875 0.0703125 0.0390625
3 0.6421875 0.396875 0.08984375 0.05078125
2 0.38125 0.3984375 0.08984375 0.046875
0 0.4 0.31640625 0.03515625 0.01953125
2 0.37890625 0.265625 0.03125 0.015625
2 0.5171875 0.165625 0.06640625 0.02734375
4 0.525 0.1234375 0.06640625 0.02734375
5 0.134375 0.18359375 0.05078125 0.0234375
3 0.1640625 0.59765625 0.1015625 0.0625
3 0.31875 0.5640625 0.06640625 0.0390625
1 0.44140625 0.55859375 0.09375 0.0625
3 0.4921875 0.515625 0.05859375 0.0390625
1 0.58984375 0.7328125 0.1328125 0.09765625
1 0.30625 0.71875 0.0703125 0.05078125
3 0.225 0.69140625 0.0859375 0.0625