5 0.6265625 0.16796875 0.05078125 0.0546875
5 0.4125 0.4703125 0.0625 0.0625
5 0.50390625 0.7109375 0.05078125 0.0546875
5 0.76171875 0.634375 0.0546875 0.05078125
5 0.78125 0.46484375 0.0546875 0.046875
5 0.3515625 0.540625 0.046875 0.046875
2 0.73046875 0.3984375 0.0703125 0.0703125
2 0.7875 0.678125 0.05078125 0.046875
2 0.71484375 0.8375 0.0625 0.06640625
2 0.57421875 0.7421875 0.05859375 0.0625
2 0.38671875 0.7109375 0.0625 0.0625
1 0.696875 0.51953125 0.0703125 0.0625
1 0.365625 0.6484375 0.06640625 0.0625
3 0.78125 0.41796875 0.05859375 0.05078125
3 0.6546875 0.66796875 0.0546875 0.0546875
3 0.5390625 0.84765625 0.046875 0.05078125
3 0.4859375 0.83984375 0.05859375 0.0546875
3 0.703125 0.640625 0.06640625 0.0625
4 0.49609375 0.2828125 0.046875 0.05078125
4 0.296875 0.515625 0.05078125 0.05078125
4 0.77734375 0.5296875 0.0703125 0.05859375
4 0.7828125 0.5859375 0.0703125 0.05859375