0 0.234375 0.38671875 0.0546875 0.046875
0 0.33203125 0.23046875 0.06640625 0.05859375
1 0.4 0.48828125 0.0703125 0.0625
1 0.58984375 0.546875 0.0546875 0.05078125
1 0.73046875 0.57421875 0.0546875 0.0625
1 0.68359375 0.15625 0.0625 0.0703125
1 0.5171875 0.1859375 0.0546875 0.0703125
1 0.3359375 0.1578125 0.0625 0.07421875
2 0.3890625 0.1484375 0.05078125 0.0546875
2 0.4671875 0.14453125 0.0625 0.0703125
3 0.26953125 0.4546875 0.05859375 0.0546875
3 0.40625 0.2359375 0.0703125 0.07421875
3 0.69140625 0.22265625 0.06640625 0.06640625
4 0.34765625 0.578125 0.0703125 0.0703125
4 0.58203125 0.62890625 0.0703125 0.07421875
4 0.24609375 0.22265625 0.078125 0.078125
4 0.2953125 0.1546875 0.04296875 0.05078125
5 0.303125 0.3265625 0.05078125 0.046875