5 0.4765625 0.50625 0.06640625 0.06640625
5 0.53125 0.53515625 0.07421875 0.07421875
4 0.41015625 0.365625 0.06640625 0.07421875
4 0.3828125 0.2171875 0.0546875 0.0625
2 0.5953125 0.4140625 0.0703125 0.07421875
2 0.30625 0.540625 0.05078125 0.0546875
2 0.34375 0.4 0.0546875 0.05078125
2 0.40234375 0.63125 0.0703125 0.078125
1 0.203125 0.6875 0.08203125 0.078125
1 0.51171875 0.6109375 0.046875 0.046875
0 0.52734375 0.33984375 0.0625 0.0625
0 0.6109375 0.5 0.078125 0.06640625
0 0.6546875 0.578125 0.0546875 0.06640625
0 0.5640625 0.634375 0.0859375 0.09375