0 0.53125 0.44921875 0.05078125 0.05078125
0 0.4859375 0.48046875 0.06640625 0.06640625
0 0.4515625 0.44140625 0.046875 0.0546875
0 0.328125 0.6265625 0.05078125 0.05078125
1 0.459375 0.6734375 0.05078125 0.0546875
1 0.3984375 0.35 0.0625 0.06640625
2 0.64453125 0.44921875 0.06640625 0.0703125
2 0.31640625 0.728125 0.05859375 0.0625
3 0.446875 0.39453125 0.05859375 0.0546875
5 0.57421875 0.421875 0.05078125 0.05078125
5 0.55859375 0.5859375 0.07421875 0.07421875
5 0.30859375 0.4765625 0.0703125 0.0703125