5 0.3453125 0.225 0.0625 0.05078125
4 0.540625 0.50625 0.05078125 0.05078125
4 0.60546875 0.484375 0.05078125 0.0546875
3 0.384375 0.515625 0.0546875 0.0546875
3 0.41015625 0.19140625 0.05078125 0.06640625
3 0.59375 0.79296875 0.0390625 0.0546875
2 0.7265625 0.53515625 0.0703125 0.078125
2 0.5625 0.06640625 0.05078125 0.05859375
2 0.4296875 0.25625 0.05859375 0.0625
3 0.3296875 0.3203125 0.046875 0.046875
1 0.4296875 0.0390625 0.0546875 0.0546875
1 0.59375 0.1796875 0.05078125 0.046875
0 0.484375 0.4125 0.05859375 0.0625
0 0.39453125 0.3359375 0.05859375 0.0546875
0 0.55078125 0.43359375 0.0546875 0.0625