5 0.66796875 0.30859375 0.0546875 0.0546875
5 0.59375 0.428125 0.046875 0.0546875
5 0.6390625 0.5390625 0.06640625 0.06640625
5 0.7015625 0.5015625 0.0625 0.05859375
5 0.57421875 0.60546875 0.06640625 0.05859375
5 0.55078125 0.4234375 0.0703125 0.07421875
5 0.4765625 0.4234375 0.0546875 0.05078125
5 0.47265625 0.51171875 0.0625 0.0625
0 0.6328125 0.453125 0.07421875 0.0703125
0 0.3921875 0.35546875 0.0625 0.0546875
0 0.359375 0.53515625 0.0703125 0.07421875
2 0.38671875 0.2953125 0.0546875 0.0703125
4 0.50390625 0.4625 0.0703125 0.0625
1 0.48828125 0.56875 0.0703125 0.0625
3 0.4609375 0.634375 0.0625 0.0625