5 0.396875 0.459375 0.0703125 0.07421875
5 0.3921875 0.390625 0.0625 0.0546875
5 0.6703125 0.3515625 0.05859375 0.0625
5 0.6703125 0.7734375 0.06640625 0.06640625
5 0.734375 0.68125 0.0625 0.05859375
5 0.8609375 0.540625 0.07421875 0.06640625
4 0.571875 0.78125 0.05859375 0.07421875
4 0.49609375 0.4125 0.06640625 0.0703125
4 0.8671875 0.459375 0.0703125 0.0546875
3 0.4921875 0.609375 0.0625 0.06640625
3 0.86328125 0.61875 0.05859375 0.05859375
3 0.8578125 0.365625 0.08203125 0.078125
2 0.7171875 0.74609375 0.04296875 0.0546875
1 0.578125 0.46484375 0.0546875 0.05078125
1 0.5328125 0.71484375 0.05078125 0.05078125
0 0.6546875 0.54296875 0.05078125 0.05859375
0 0.74609375 0.78125 0.0546875 0.05859375
0 0.8515625 0.77734375 0.0625 0.05859375