5 0.5625 0.3359375 0.0625 0.06640625
5 0.58984375 0.26953125 0.0703125 0.06640625
5 0.865625 0.4921875 0.06640625 0.06640625
4 0.8515625 0.203125 0.0625 0.05078125
4 0.69140625 0.240625 0.0703125 0.05859375
3 0.29296875 0.48828125 0.0703125 0.05859375
3 0.21875 0.3359375 0.0859375 0.07421875
3 0.44375 0.234375 0.08984375 0.0859375
2 0.828125 0.265625 0.08203125 0.05859375
2 0.59765625 0.65625 0.05859375 0.06640625
1 0.39453125 0.55078125 0.0703125 0.05078125
1 0.453125 0.3359375 0.0625 0.06640625
1 0.18125 0.40234375 0.09765625 0.0546875
1 0.578125 0.2109375 0.0859375 0.0546875
0 0.3828125 0.3828125 0.07421875 0.05859375
0 0.4859375 0.3828125 0.05859375 0.0546875