0 0.3140625 0.42578125 0.06640625 0.0625
0 0.396875 0.234375 0.05078125 0.05859375
1 0.43359375 0.3125 0.0703125 0.07421875
1 0.6796875 0.478125 0.05078125 0.05078125
1 0.5296875 0.540625 0.0546875 0.0546875
1 0.40234375 0.63671875 0.0546875 0.05078125
1 0.4453125 0.9140625 0.0546875 0.05859375
3 0.665625 0.35 0.0546875 0.0546875
3 0.603125 0.6421875 0.0546875 0.0546875
3 0.2734375 0.62109375 0.05078125 0.05078125
4 0.4296875 0.390625 0.05078125 0.05078125
5 0.61328125 0.34765625 0.05078125 0.05078125