0 0.76953125 0.390625 0.0546875 0.05078125
0 0.6703125 0.2328125 0.06640625 0.05859375
1 0.6015625 0.490625 0.0703125 0.0625
1 0.4125 0.546875 0.0546875 0.05078125
1 0.26953125 0.5765625 0.05859375 0.0625
1 0.31640625 0.1578125 0.0625 0.0703125
1 0.484375 0.1875 0.0546875 0.0703125
1 0.6640625 0.1578125 0.0625 0.07421875
2 0.61328125 0.1484375 0.05078125 0.0546875
2 0.5328125 0.14453125 0.0625 0.07421875
3 0.7328125 0.4546875 0.05859375 0.0546875
3 0.59375 0.23828125 0.0703125 0.07421875
3 0.3109375 0.22265625 0.06640625 0.06640625
4 0.65625 0.578125 0.07421875 0.0703125
4 0.41796875 0.62890625 0.0703125 0.07421875
4 0.7578125 0.22265625 0.08203125 0.078125
4 0.7046875 0.1546875 0.04296875 0.05078125
5 0.696875 0.328125 0.05078125 0.046875