5 0.35546875 0.4703125 0.078125 0.0546875
5 0.3375 0.6015625 0.05078125 0.0625
4 0.4359375 0.5640625 0.0546875 0.0703125
4 0.5625 0.6875 0.08203125 0.08203125
4 0.50390625 0.390625 0.078125 0.08203125
3 0.39453125 0.609375 0.05078125 0.05078125
3 0.57421875 0.4828125 0.046875 0.05078125
3 0.6078125 0.428125 0.0546875 0.05078125
2 0.4671875 0.103125 0.0625 0.0703125
2 0.3578125 0.52734375 0.07421875 0.08203125
2 0.48828125 0.5609375 0.05078125 0.0546875
1 0.40234375 0.3359375 0.0859375 0.109375
1 0.515625 0.59375 0.05859375 0.0625
0 0.5234375 0.5328125 0.0703125 0.06640625