0 0.203125 0.5609375 0.0625 0.0546875
0 0.6015625 0.3265625 0.05859375 0.0625
1 0.3765625 0.2828125 0.0625 0.0625
1 0.4515625 0.4625 0.05078125 0.05078125
1 0.7046875 0.35546875 0.046875 0.0546875
1 0.57421875 0.55859375 0.0703125 0.0703125
1 0.59765625 0.82421875 0.05078125 0.05859375
0 0.7171875 0.6171875 0.0625 0.0625
2 0.58984375 0.265625 0.04296875 0.046875
2 0.7109375 0.23828125 0.046875 0.0546875
2 0.5859375 0.64453125 0.0703125 0.06640625
3 0.63671875 0.19375 0.06640625 0.0703125
3 0.62890625 0.41015625 0.0546875 0.0546875
3 0.6953125 0.4546875 0.05078125 0.05078125
3 0.5796875 0.48828125 0.046875 0.05078125
4 0.22265625 0.1890625 0.046875 0.0546875
4 0.6484375 0.2734375 0.0546875 0.05859375
4 0.66796875 0.38125 0.0546875 0.0625
4 0.49609375 0.796875 0.0625 0.0703125
4 0.665625 0.615625 0.0625 0.06640625
2 0.609375 0.5921875 0.0703125 0.06640625
5 0.61328125 0.53515625 0.0546875 0.0546875