5 0.7125 0.8203125 0.05859375 0.0703125
5 0.740625 0.5703125 0.06640625 0.06640625
5 0.4765625 0.29296875 0.046875 0.046875
3 0.73828125 0.74609375 0.0703125 0.0703125
3 0.70703125 0.29296875 0.078125 0.07421875
3 0.3890625 0.4921875 0.05859375 0.05859375
4 0.5015625 0.821875 0.06640625 0.078125
4 0.7796875 0.53515625 0.078125 0.06640625
4 0.7734375 0.4703125 0.0546875 0.046875
4 0.76171875 0.33203125 0.0625 0.0625
4 0.65234375 0.3453125 0.05078125 0.046875
2 0.6484375 0.5703125 0.05078125 0.05078125
2 0.78125 0.375 0.05078125 0.046875
2 0.48046875 0.1484375 0.05859375 0.0625
1 0.31875 0.515625 0.05078125 0.05078125
0 0.35546875 0.3421875 0.0625 0.0625
0 0.65625 0.1484375 0.0546875 0.0546875
0 0.7828125 0.26171875 0.078125 0.0703125
0 0.78515625 0.16796875 0.078125 0.078125