5 0.41015625 0.765625 0.0703125 0.0703125
5 0.415625 0.6078125 0.05859375 0.05078125
5 0.4140625 0.509375 0.046875 0.05078125
5 0.60546875 0.41015625 0.0703125 0.06640625
5 0.73828125 0.578125 0.05078125 0.046875
5 0.5953125 0.66015625 0.05078125 0.0546875
5 0.5375 0.61328125 0.05078125 0.05078125
5 0.209375 0.578125 0.046875 0.04296875
4 0.5171875 0.71484375 0.05859375 0.04296875
4 0.6234375 0.540625 0.05078125 0.0390625
4 0.40625 0.6640625 0.05859375 0.0546875
3 0.3578125 0.53515625 0.0625 0.0546875
3 0.56640625 0.5140625 0.0546875 0.0546875
3 0.453125 0.09375 0.07421875 0.06640625
3 0.4625 0.44921875 0.046875 0.0546875
2 0.30859375 0.321875 0.0625 0.05078125
2 0.609375 0.48046875 0.0390625 0.046875
0 0.52734375 0.88125 0.05078125 0.046875
0 0.23828125 0.96484375 0.05078125 0.0546875
0 0.4046875 0.5625 0.05078125 0.0390625
0 0.421875 0.7125 0.05078125 0.04296875
0 0.59375 0.58203125 0.046875 0.05078125
1 0.525 0.47265625 0.05078125 0.06640625
1 0.37109375 0.47265625 0.05078125 0.06640625
1 0.5375 0.66796875 0.046875 0.046875