5 0.6796875 0.390625 0.0625 0.0703125
5 0.775 0.60546875 0.0703125 0.0703125
5 0.6078125 0.5625 0.0625 0.05859375
4 0.4203125 0.578125 0.0859375 0.078125
4 0.525 0.47265625 0.0703125 0.0625
3 0.3828125 0.375 0.07421875 0.0625
2 0.69921875 0.584375 0.0703125 0.0703125
1 0.5875 0.7015625 0.0703125 0.07421875
1 0.5375 0.52734375 0.05078125 0.046875
1 0.56640625 0.3578125 0.046875 0.05859375
1 0.4375 0.42578125 0.0625 0.05859375
0 0.5234375 0.375 0.0625 0.078125
0 0.584375 0.6171875 0.0546875 0.0546875
0 0.19375 0.50390625 0.07421875 0.0625