5 0.7890625 0.45703125 0.0546875 0.0546875
5 0.6953125 0.62109375 0.046875 0.046875
5 0.3515625 0.55078125 0.0703125 0.09375
5 0.578125 0.62109375 0.046875 0.0546875
5 0.5859375 0.51171875 0.0390625 0.046875
4 0.45703125 0.3828125 0.06640625 0.0625
4 0.56875 0.36328125 0.078125 0.09375
4 0.70703125 0.5609375 0.0703125 0.0625
4 0.62890625 0.77734375 0.0703125 0.0703125
4 0.46484375 0.6484375 0.046875 0.0546875
3 0.4296875 0.453125 0.046875 0.0703125
3 0.51171875 0.52734375 0.046875 0.05859375
2 0.640625 0.6625 0.0546875 0.05078125
2 0.625 0.6109375 0.046875 0.05859375
2 0.5078125 0.7015625 0.0546875 0.0625
0 0.4765625 0.321875 0.0625 0.06640625
2 0.55078125 0.478125 0.0703125 0.07421875
0 0.484375 0.6015625 0.046875 0.0625
0 0.57421875 0.571875 0.0703125 0.05859375
0 0.7796875 0.52734375 0.0625 0.0625
0 0.42578125 0.625 0.05859375 0.0546875