5 0.5234375 0.50625 0.06640625 0.06640625
5 0.46875 0.53515625 0.07421875 0.07421875
4 0.59375 0.365625 0.06640625 0.07421875
4 0.6171875 0.2171875 0.0546875 0.0625
2 0.40625 0.4140625 0.0703125 0.07421875
2 0.69375 0.540625 0.05078125 0.0546875
2 0.65625 0.4 0.0546875 0.05078125
2 0.6 0.63125 0.0703125 0.078125
1 0.796875 0.6875 0.08203125 0.078125
1 0.48828125 0.6109375 0.046875 0.046875
0 0.4765625 0.33984375 0.0625 0.0625
0 0.390625 0.5 0.078125 0.06640625
0 0.3453125 0.578125 0.0546875 0.06640625
0 0.4359375 0.634375 0.0859375 0.09375