0 0.5140625 0.6390625 0.07421875 0.07421875
0 0.415625 0.415625 0.0546875 0.0546875
1 0.50390625 0.53125 0.05859375 0.05859375
2 0.4765625 0.72265625 0.0546875 0.0546875
2 0.509375 0.42578125 0.05859375 0.05859375
2 0.62109375 0.57421875 0.0546875 0.05859375
3 0.484375 0.390625 0.0546875 0.0546875
3 0.5625 0.3734375 0.0625 0.05078125
4 0.25 0.3046875 0.05859375 0.05078125
4 0.6859375 0.44921875 0.05859375 0.06640625
5 0.4203125 0.30078125 0.05859375 0.05859375
5 0.6953125 0.63671875 0.05859375 0.05859375
5 0.6 0.68359375 0.05078125 0.0546875