4 0.4140625 0.58203125 0.0703125 0.05859375
1 0.49375 0.53515625 0.06640625 0.0703125
4 0.58203125 0.46484375 0.046875 0.04296875
4 0.83984375 0.26171875 0.06640625 0.0703125
4 0.390625 0.23828125 0.0703125 0.06640625
4 0.5234375 0.21484375 0.0546875 0.05078125
5 0.1734375 0.2515625 0.05859375 0.04296875
5 0.290625 0.2421875 0.05078125 0.05078125
5 0.85546875 0.38671875 0.0625 0.06640625
0 0.19140625 0.48828125 0.05078125 0.05078125
0 0.74609375 0.271875 0.046875 0.05078125
0 0.69140625 0.234375 0.05859375 0.07421875
0 0.62109375 0.26953125 0.046875 0.0546875
0 0.5484375 0.2578125 0.04296875 0.05078125
2 0.1796875 0.35546875 0.06640625 0.0546875
2 0.21875 0.2328125 0.0546875 0.0625
2 0.478125 0.2578125 0.06640625 0.07421875
1 0.52734375 0.34375 0.0546875 0.0546875
3 0.61328125 0.225 0.05078125 0.04296875
3 0.796875 0.5328125 0.07421875 0.078125
3 0.796875 0.3984375 0.08203125 0.078125
5 0.7578125 0.31640625 0.05078125 0.05078125