0 0.57421875 0.3140625 0.0625 0.06640625
0 0.765625 0.396875 0.0546875 0.05078125
1 0.6875 0.43359375 0.07421875 0.0703125
1 0.521875 0.6796875 0.05078125 0.05078125
1 0.459375 0.5296875 0.0546875 0.0546875
1 0.36328125 0.40234375 0.05078125 0.0546875
1 0.0859375 0.4453125 0.0546875 0.0546875
3 0.65 0.665625 0.0546875 0.0546875
3 0.3578125 0.603125 0.0546875 0.0546875
3 0.37890625 0.2734375 0.05078125 0.05078125
4 0.609375 0.4296875 0.046875 0.05078125
5 0.65234375 0.61328125 0.05078125 0.046875