0 0.4515625 0.6328125 0.06640625 0.06640625
0 0.42578125 0.5859375 0.046875 0.046875
0 0.7328125 0.76171875 0.0625 0.06640625
0 0.48046875 0.36328125 0.0625 0.0625
0 0.53125 0.33984375 0.046875 0.05078125
1 0.81875 0.75 0.07421875 0.07421875
2 0.26953125 0.3890625 0.05078125 0.046875
2 0.4453125 0.71484375 0.0546875 0.0625
2 0.53125 0.68359375 0.05859375 0.0625
3 0.1625 0.7734375 0.05078125 0.05078125
3 0.20703125 0.740625 0.0625 0.0625
3 0.2015625 0.6796875 0.05078125 0.046875
3 0.35546875 0.6171875 0.0625 0.0625
3 0.47265625 0.58984375 0.0625 0.0625
3 0.50625 0.7734375 0.046875 0.05078125
3 0.59375 0.4125 0.046875 0.046875
4 0.321875 0.7109375 0.0546875 0.05078125
4 0.33203125 0.765625 0.0625 0.06640625
4 0.1625 0.48046875 0.06640625 0.0546875
5 0.19140625 0.61328125 0.0625 0.05078125
5 0.359375 0.5453125 0.0703125 0.06640625
5 0.55078125 0.59765625 0.0625 0.0703125