0 0.203125 0.4390625 0.0625 0.0546875
0 0.6015625 0.6734375 0.05859375 0.0625
1 0.3765625 0.71875 0.0625 0.0625
1 0.4515625 0.5390625 0.05078125 0.05078125
1 0.7046875 0.64453125 0.046875 0.0546875
1 0.57421875 0.44140625 0.0703125 0.0703125
1 0.59765625 0.17578125 0.05078125 0.05859375
0 0.7171875 0.384375 0.0625 0.0625
2 0.58984375 0.734375 0.04296875 0.046875
2 0.7109375 0.76171875 0.046875 0.0546875
2 0.5859375 0.35546875 0.0703125 0.06640625
3 0.63671875 0.80859375 0.06640625 0.0703125
3 0.62890625 0.58984375 0.0546875 0.0546875
3 0.6953125 0.546875 0.05078125 0.05078125
3 0.5796875 0.51171875 0.046875 0.05078125
4 0.22265625 0.8109375 0.046875 0.0546875
4 0.6484375 0.7265625 0.0546875 0.05859375
4 0.66796875 0.61875 0.0546875 0.0625
4 0.49609375 0.203125 0.0625 0.0703125
4 0.665625 0.38671875 0.0625 0.06640625
2 0.609375 0.4078125 0.0703125 0.06640625
5 0.61328125 0.46875 0.0546875 0.0546875