0 0.36328125 0.5140625 0.07421875 0.07421875
0 0.5859375 0.415625 0.0546875 0.0546875
1 0.4703125 0.50390625 0.05859375 0.0546875
2 0.27734375 0.4765625 0.0546875 0.0546875
2 0.57421875 0.509375 0.0546875 0.05859375
2 0.42578125 0.62109375 0.0546875 0.0546875
3 0.6109375 0.484375 0.0546875 0.0546875
3 0.6265625 0.5625 0.05078125 0.0625
4 0.696875 0.25 0.05078125 0.05859375
4 0.55078125 0.6859375 0.06640625 0.05859375
5 0.69921875 0.4203125 0.0546875 0.05859375
5 0.365625 0.6953125 0.05859375 0.0546875
5 0.31875 0.6 0.0546875 0.05078125