0 0.7828125 0.484375 0.08203125 0.06640625
5 0.55078125 0.7109375 0.0703125 0.07421875
5 0.4390625 0.4 0.05078125 0.0703125
5 0.69921875 0.3578125 0.0703125 0.046875
5 0.58203125 0.453125 0.046875 0.05078125
4 0.53515625 0.50625 0.0625 0.06640625
4 0.4703125 0.475 0.08984375 0.06640625
4 0.4078125 0.6109375 0.09765625 0.08984375
4 0.4859375 0.640625 0.05078125 0.06640625
4 0.37890625 0.42578125 0.05859375 0.05859375
4 0.2875 0.384375 0.06640625 0.0625
3 0.603125 0.3828125 0.07421875 0.0546875
4 0.5625 0.30078125 0.06640625 0.046875
2 0.5015625 0.4125 0.0625 0.0546875
2 0.1875 0.46484375 0.0625 0.05859375
2 0.6109375 0.50390625 0.06640625 0.0546875
2 0.421875 0.30625 0.0703125 0.06640625
2 0.6875 0.303125 0.078125 0.05078125
1 0.6734375 0.428125 0.05078125 0.046875
1 0.6265625 0.453125 0.0625 0.0546875
1 0.6890625 0.4984375 0.07421875 0.0625
1 0.34375 0.34375 0.06640625 0.0703125