5 0.30859375 0.33203125 0.0546875 0.0546875
5 0.428125 0.40625 0.0546875 0.046875
5 0.5390625 0.3609375 0.06640625 0.06640625
5 0.5015625 0.2984375 0.05859375 0.0625
5 0.60546875 0.42578125 0.05859375 0.06640625
5 0.4234375 0.44921875 0.07421875 0.0703125
5 0.4234375 0.5234375 0.05078125 0.0546875
5 0.51171875 0.52734375 0.0625 0.0625
0 0.453125 0.3671875 0.0703125 0.07421875
0 0.35546875 0.6078125 0.0546875 0.0625
0 0.53515625 0.640625 0.07421875 0.07421875
2 0.2953125 0.61328125 0.0703125 0.0546875
4 0.4625 0.49609375 0.0625 0.0703125
1 0.56875 0.51171875 0.0625 0.07421875
3 0.634375 0.5390625 0.0625 0.06640625