5 0.56875 0.47265625 0.0625 0.05078125
5 0.7109375 0.30859375 0.046875 0.05078125
5 0.3671875 0.24609375 0.05078125 0.0546875
5 0.34765625 0.77734375 0.05859375 0.0625
5 0.415625 0.28125 0.05078125 0.046875
4 0.5625 0.53125 0.0546875 0.0546875
4 0.62109375 0.5234375 0.05078125 0.046875
4 0.35546875 0.4 0.046875 0.05078125
3 0.2359375 0.365625 0.0625 0.06640625
3 0.321875 0.6796875 0.046875 0.046875
3 0.3203125 0.49375 0.078125 0.06640625
3 0.4078125 0.8125 0.05859375 0.0625
3 0.5921875 0.21484375 0.0625 0.0546875
2 0.375 0.55078125 0.0546875 0.0625
2 0.5625 0.9359375 0.0546875 0.05078125
2 0.42578125 0.75 0.0625 0.0546875
1 0.75390625 0.49375 0.0625 0.0625
1 0.58984375 0.82421875 0.046875 0.046875
1 0.42578125 0.9609375 0.046875 0.0546875
1 0.36328125 0.6078125 0.05859375 0.0546875
0 0.38671875 0.665625 0.0546875 0.05078125
0 0.4859375 0.58984375 0.05078125 0.0625
0 0.5390625 0.58203125 0.05859375 0.0625
0 0.44140625 0.3453125 0.05859375 0.06640625