5 0.459375 0.396875 0.07421875 0.0703125
5 0.390625 0.3921875 0.0546875 0.0625
5 0.353125 0.6703125 0.0625 0.05859375
5 0.7734375 0.6703125 0.06640625 0.06640625
5 0.68359375 0.734375 0.05859375 0.0625
5 0.540625 0.8609375 0.06640625 0.07421875
4 0.7828125 0.571875 0.07421875 0.05859375
4 0.4140625 0.49609375 0.0703125 0.06640625
4 0.459375 0.8671875 0.0546875 0.0703125
3 0.609375 0.4921875 0.06640625 0.06640625
3 0.62109375 0.86328125 0.05859375 0.05859375
3 0.365625 0.85546875 0.078125 0.0859375
2 0.74609375 0.7171875 0.0546875 0.04296875
1 0.4671875 0.578125 0.05078125 0.05859375
1 0.71484375 0.5328125 0.05078125 0.05078125
0 0.54296875 0.6546875 0.05859375 0.05078125
0 0.7828125 0.74609375 0.05859375 0.05078125
0 0.77734375 0.8515625 0.05859375 0.0625