5 0.33203125 0.30859375 0.0546875 0.0546875
5 0.40625 0.428125 0.046875 0.0546875
5 0.3609375 0.5390625 0.06640625 0.06640625
5 0.2984375 0.5015625 0.0625 0.05859375
5 0.42578125 0.60546875 0.06640625 0.05859375
5 0.44921875 0.4234375 0.0703125 0.07421875
5 0.5234375 0.4234375 0.0546875 0.05078125
5 0.52734375 0.51171875 0.0625 0.0625
0 0.3671875 0.453125 0.07421875 0.0703125
0 0.6078125 0.35546875 0.0625 0.0546875
0 0.640625 0.53515625 0.07421875 0.07421875
2 0.61328125 0.2953125 0.0546875 0.0703125
4 0.49609375 0.4625 0.0703125 0.0625
1 0.51171875 0.56875 0.07421875 0.0625
3 0.5390625 0.634375 0.06640625 0.0625