4 0.3421875 0.44375 0.07421875 0.07421875
4 0.45703125 0.828125 0.0703125 0.07421875
4 0.22265625 0.7984375 0.0703125 0.0703125
4 0.20703125 0.25390625 0.05859375 0.0625
3 0.25 0.3828125 0.0703125 0.0625
3 0.2125 0.48046875 0.0703125 0.05859375
1 0.209375 0.54296875 0.0703125 0.0625
1 0.21484375 0.1421875 0.0625 0.0546875
1 0.2015625 0.7484375 0.05078125 0.05078125
2 0.62890625 0.4703125 0.0703125 0.05859375
2 0.4359375 0.2359375 0.08984375 0.07421875
1 0.36875 0.54296875 0.06640625 0.078125
0 0.4453125 0.515625 0.0625 0.0625
0 0.334375 0.359375 0.06640625 0.0625
0 0.2734375 0.55859375 0.05859375 0.06640625
0 0.25625 0.74609375 0.05859375 0.07421875