5 0.8296875 0.62890625 0.0546875 0.05078125
5 0.52734375 0.4140625 0.0625 0.0625
5 0.2890625 0.50625 0.0546875 0.05078125
5 0.36328125 0.76171875 0.05078125 0.0546875
5 0.53515625 0.7828125 0.046875 0.0546875
5 0.45703125 0.3515625 0.046875 0.046875
2 0.6015625 0.734375 0.0703125 0.0703125
2 0.321875 0.7890625 0.046875 0.05078125
2 0.16015625 0.71484375 0.0703125 0.0625
2 0.2578125 0.57421875 0.0625 0.05859375
2 0.2890625 0.38671875 0.0625 0.0625
1 0.48046875 0.69921875 0.0625 0.0703125
1 0.35 0.365625 0.0625 0.06640625
3 0.5796875 0.7828125 0.05078125 0.05859375
3 0.33203125 0.6546875 0.0546875 0.0546875
3 0.15234375 0.540625 0.05078125 0.046875
3 0.1578125 0.4859375 0.0546875 0.05859375
3 0.359375 0.703125 0.0625 0.06640625
4 0.7171875 0.5 0.05078125 0.046875
4 0.484375 0.2984375 0.05078125 0.05078125
4 0.46875 0.7796875 0.05859375 0.0703125
4 0.4125 0.7828125 0.05859375 0.0703125