4 0.55625 0.6578125 0.07421875 0.07421875
4 0.171875 0.54296875 0.07421875 0.0703125
4 0.2015625 0.77734375 0.0703125 0.0703125
4 0.74609375 0.79296875 0.0625 0.05859375
3 0.6171875 0.75 0.0625 0.0703125
3 0.51953125 0.7875 0.05859375 0.0703125
1 0.45703125 0.790625 0.0625 0.0703125
1 0.8578125 0.78515625 0.0546875 0.0625
1 0.2515625 0.7984375 0.05078125 0.05078125
2 0.5296875 0.37109375 0.05859375 0.0703125
2 0.7640625 0.5640625 0.07421875 0.08984375
1 0.45703125 0.63125 0.078125 0.06640625
0 0.484375 0.5546875 0.0625 0.0625
0 0.640625 0.665625 0.0625 0.06640625
0 0.44140625 0.7265625 0.06640625 0.0546875
0 0.25390625 0.74375 0.07421875 0.05859375