5 0.1703125 0.37109375 0.0546875 0.05078125
5 0.47265625 0.5859375 0.0625 0.0625
5 0.7109375 0.49375 0.0546875 0.05078125
5 0.63671875 0.23828125 0.05078125 0.0546875
5 0.46484375 0.2171875 0.046875 0.0546875
5 0.54296875 0.6484375 0.046875 0.046875
2 0.3984375 0.265625 0.0703125 0.0703125
2 0.678125 0.2109375 0.046875 0.05078125
2 0.83984375 0.28515625 0.0703125 0.0625
2 0.7421875 0.42578125 0.0625 0.05859375
2 0.7109375 0.61328125 0.0625 0.0625
1 0.51953125 0.30078125 0.0625 0.0703125
1 0.65 0.634375 0.0625 0.06640625
3 0.4203125 0.2171875 0.05078125 0.05859375
3 0.66796875 0.3453125 0.0546875 0.0546875
3 0.84765625 0.459375 0.05078125 0.046875
3 0.8421875 0.5140625 0.0546875 0.05859375
3 0.640625 0.296875 0.0625 0.06640625
4 0.2828125 0.5 0.05078125 0.046875
4 0.515625 0.7015625 0.05078125 0.05078125
4 0.53125 0.2203125 0.05859375 0.0703125
4 0.5875 0.2171875 0.05859375 0.0703125