5 0.2875 0.8203125 0.05859375 0.0703125
5 0.259375 0.5703125 0.06640625 0.06640625
5 0.5234375 0.29296875 0.046875 0.046875
3 0.26171875 0.74609375 0.0703125 0.0703125
3 0.29296875 0.29296875 0.08203125 0.07421875
3 0.6109375 0.4921875 0.05859375 0.05859375
4 0.4984375 0.821875 0.06640625 0.078125
4 0.2203125 0.53515625 0.078125 0.06640625
4 0.2265625 0.4703125 0.0546875 0.046875
4 0.23828125 0.33203125 0.06640625 0.0625
4 0.34765625 0.3453125 0.05078125 0.046875
2 0.3515625 0.5703125 0.05078125 0.05078125
2 0.21875 0.375 0.05078125 0.046875
2 0.51953125 0.1484375 0.05859375 0.0625
1 0.68125 0.515625 0.05078125 0.05078125
0 0.64453125 0.3421875 0.06640625 0.0625
0 0.34375 0.1484375 0.0546875 0.05859375
0 0.2171875 0.26171875 0.078125 0.0703125
0 0.21484375 0.16796875 0.078125 0.078125