5 0.65625 0.77734375 0.0625 0.05078125
4 0.459375 0.49609375 0.05078125 0.05078125
4 0.396875 0.515625 0.05078125 0.0546875
3 0.615625 0.484375 0.0546875 0.0546875
3 0.58984375 0.80859375 0.05078125 0.06640625
3 0.4078125 0.20703125 0.0390625 0.0546875
2 0.2734375 0.4671875 0.0703125 0.078125
2 0.4375 0.9359375 0.05078125 0.05859375
2 0.5703125 0.74609375 0.05859375 0.0625
3 0.671875 0.6796875 0.046875 0.046875
1 0.5703125 0.9609375 0.0546875 0.0546875
1 0.4078125 0.821875 0.05078125 0.046875
0 0.515625 0.5875 0.05859375 0.0625
0 0.60546875 0.6640625 0.05859375 0.0546875
0 0.44921875 0.56640625 0.0546875 0.0625