5 0.2109375 0.54296875 0.0546875 0.0546875
5 0.3046875 0.37890625 0.046875 0.046875
5 0.6484375 0.44921875 0.0703125 0.09375
5 0.421875 0.37890625 0.046875 0.0546875
5 0.4140625 0.48828125 0.0390625 0.046875
4 0.54296875 0.6171875 0.06640625 0.0625
4 0.43125 0.63671875 0.078125 0.09375
4 0.29296875 0.4390625 0.0703125 0.0625
4 0.37109375 0.22265625 0.0703125 0.0703125
4 0.53515625 0.3515625 0.046875 0.0546875
3 0.5703125 0.546875 0.046875 0.0703125
3 0.48828125 0.47265625 0.046875 0.05859375
2 0.359375 0.3375 0.0546875 0.05078125
2 0.375 0.3890625 0.046875 0.05859375
2 0.4921875 0.2984375 0.0546875 0.0625
0 0.5234375 0.678125 0.0625 0.06640625
2 0.44921875 0.521875 0.0703125 0.07421875
0 0.515625 0.3984375 0.046875 0.0625
0 0.42578125 0.428125 0.0703125 0.05859375
0 0.2203125 0.47265625 0.0625 0.0625
0 0.57421875 0.375 0.05859375 0.0546875