4 0.6578125 0.55625 0.07421875 0.07421875
4 0.54296875 0.171875 0.0703125 0.07421875
4 0.77734375 0.2015625 0.0703125 0.0703125
4 0.7953125 0.74609375 0.05859375 0.0625
3 0.7515625 0.6171875 0.0703125 0.0625
3 0.7890625 0.51953125 0.0703125 0.05859375
1 0.79296875 0.45703125 0.0703125 0.0625
1 0.78515625 0.8578125 0.0625 0.0546875
1 0.80078125 0.2515625 0.05078125 0.05078125
2 0.3734375 0.5296875 0.0703125 0.05859375
2 0.56640625 0.7640625 0.08984375 0.07421875
1 0.63125 0.45703125 0.06640625 0.078125
0 0.55625 0.484375 0.0625 0.0625
0 0.665625 0.640625 0.06640625 0.0625
0 0.7265625 0.44140625 0.0546875 0.06640625
0 0.74609375 0.25390625 0.05859375 0.07421875