5 0.775 0.7265625 0.0625 0.06640625
5 0.7359375 0.2828125 0.05859375 0.0546875
5 0.421875 0.48046875 0.06640625 0.07421875
3 0.73828125 0.77734375 0.0703125 0.07421875
3 0.7734375 0.5796875 0.0625 0.0625
3 0.76171875 0.49609375 0.05859375 0.05859375
3 0.47265625 0.36328125 0.0703125 0.06640625
2 0.71875 0.47265625 0.046875 0.05078125
2 0.703125 0.34765625 0.0703125 0.0703125
2 0.334375 0.62890625 0.0625 0.06640625
0 0.4390625 0.40625 0.0546875 0.05859375
1 0.303125 0.13671875 0.05078125 0.06640625