5 0.55078125 0.31640625 0.04296875 0.046875
5 0.4765625 0.64453125 0.04296875 0.0546875
5 0.67578125 0.4125 0.04296875 0.046875
4 0.7265625 0.5296875 0.06640625 0.07421875
4 0.5625 0.5859375 0.05078125 0.0546875
4 0.4609375 0.36328125 0.0625 0.05859375
4 0.44921875 0.3125 0.0546875 0.046875
3 0.6953125 0.36328125 0.04296875 0.04296875
3 0.30078125 0.625 0.04296875 0.046875
3 0.671875 0.6640625 0.04296875 0.0546875
2 0.603125 0.19921875 0.046875 0.046875
2 0.578125 0.4296875 0.0546875 0.0546875
2 0.6171875 0.47265625 0.04296875 0.046875
2 0.5078125 0.3890625 0.046875 0.046875
2 0.43359375 0.59765625 0.05078125 0.0546875
1 0.390625 0.5078125 0.0546875 0.05078125
1 0.3828125 0.5625 0.05859375 0.05078125
1 0.4375 0.53125 0.046875 0.0546875
1 0.55859375 0.3765625 0.05859375 0.05078125
1 0.11875 0.50390625 0.07421875 0.0625
0 0.334375 0.4984375 0.05859375 0.0625
0 0.1859375 0.328125 0.05859375 0.046875
0 0.62109375 0.6484375 0.0546875 0.0703125
0 0.3359375 0.65625 0.046875 0.0390625