5 0.4375 0.5796875 0.0625 0.05859375
5 0.3671875 0.48046875 0.0546875 0.0546875
4 0.49609375 0.290625 0.046875 0.05078125
4 0.2359375 0.55078125 0.0546875 0.05078125
4 0.4375 0.6796875 0.0703125 0.0703125
4 0.521875 0.69375 0.06640625 0.06640625
4 0.56875 0.803125 0.05859375 0.05859375
3 0.275 0.321875 0.0703125 0.06640625
3 0.52734375 0.4828125 0.06640625 0.0703125
3 0.30078125 0.69140625 0.06640625 0.0625
2 0.2171875 0.4765625 0.05859375 0.046875
2 0.5078125 0.4046875 0.0625 0.0625
2 0.4921875 0.53125 0.046875 0.05078125
2 0.56640625 0.57421875 0.0546875 0.0546875
2 0.6578125 0.69375 0.046875 0.05078125
1 0.328125 0.2875 0.0703125 0.07421875
1 0.2328125 0.42578125 0.07421875 0.0625
1 0.6015625 0.890625 0.0546875 0.0625
0 0.390625 0.28125 0.05859375 0.06640625
0 0.228125 0.375 0.0703125 0.0625
0 0.2640625 0.49609375 0.05078125 0.05078125
0 0.2203125 0.65 0.0546875 0.05078125