5 0.6703125 0.69140625 0.0546875 0.0546875
5 0.5953125 0.57421875 0.046875 0.0546875
5 0.640625 0.4625 0.06640625 0.06640625
5 0.703125 0.5 0.0625 0.05859375
5 0.57421875 0.396875 0.06640625 0.05859375
5 0.55078125 0.578125 0.0703125 0.07421875
5 0.4765625 0.5765625 0.0546875 0.05078125
5 0.47265625 0.48828125 0.0625 0.0625
0 0.634375 0.5484375 0.07421875 0.0703125
0 0.3921875 0.64453125 0.0625 0.0546875
0 0.36328125 0.46484375 0.07421875 0.07421875
2 0.38671875 0.70703125 0.0546875 0.0703125
4 0.50390625 0.5390625 0.0703125 0.0625
1 0.4921875 0.43359375 0.07421875 0.0625
3 0.4609375 0.3671875 0.06640625 0.0625