0 0.61328125 0.234375 0.05078125 0.0546875
0 0.76953125 0.33203125 0.05859375 0.06640625
1 0.51171875 0.4 0.0625 0.0703125
1 0.453125 0.58984375 0.05078125 0.0546875
1 0.42578125 0.73046875 0.0625 0.05859375
1 0.84375 0.68359375 0.0703125 0.0625
1 0.8140625 0.5171875 0.0703125 0.0546875
1 0.8421875 0.3359375 0.07421875 0.0625
2 0.8515625 0.3890625 0.0546875 0.05078125
2 0.85546875 0.4671875 0.07421875 0.0625
3 0.5453125 0.26953125 0.0546875 0.05859375
3 0.7640625 0.40625 0.07421875 0.0703125
3 0.77734375 0.69140625 0.06640625 0.06640625
4 0.421875 0.34765625 0.0703125 0.07421875
4 0.37109375 0.58203125 0.07421875 0.0703125
4 0.77734375 0.24609375 0.078125 0.08203125
4 0.8453125 0.2953125 0.05078125 0.04296875
5 0.6734375 0.303125 0.046875 0.05078125