5 0.50625 0.4765625 0.06640625 0.0625
5 0.53515625 0.53125 0.07421875 0.0703125
4 0.365625 0.40625 0.07421875 0.0625
4 0.2171875 0.3828125 0.0625 0.0546875
2 0.4140625 0.59375 0.07421875 0.0703125
2 0.540625 0.30625 0.0546875 0.05078125
2 0.4 0.34375 0.05078125 0.0546875
2 0.63125 0.4 0.078125 0.0703125
1 0.6875 0.203125 0.078125 0.078125
1 0.6109375 0.51171875 0.046875 0.046875
0 0.33984375 0.5234375 0.0625 0.0625
0 0.5 0.609375 0.06640625 0.078125
0 0.578125 0.6546875 0.06640625 0.0546875
0 0.634375 0.5640625 0.09375 0.0859375