5 0.540625 0.396875 0.07421875 0.0703125
5 0.609375 0.3921875 0.0546875 0.0625
5 0.646875 0.6703125 0.0625 0.05859375
5 0.2265625 0.6703125 0.06640625 0.06640625
5 0.31640625 0.734375 0.05859375 0.0625
5 0.459375 0.8609375 0.06640625 0.07421875
4 0.2171875 0.571875 0.07421875 0.05859375
4 0.5859375 0.49609375 0.0703125 0.06640625
4 0.540625 0.8671875 0.0546875 0.0703125
3 0.390625 0.4921875 0.06640625 0.0625
3 0.37890625 0.86328125 0.05859375 0.05859375
3 0.634375 0.85546875 0.078125 0.0859375
2 0.25390625 0.7171875 0.0546875 0.04296875
1 0.5328125 0.578125 0.05078125 0.0546875
1 0.28515625 0.5328125 0.05078125 0.05078125
0 0.45703125 0.6546875 0.05859375 0.05078125
0 0.2171875 0.74609375 0.05859375 0.05078125
0 0.22265625 0.8515625 0.05859375 0.0625