5 0.49375 0.4765625 0.06640625 0.0625
5 0.46484375 0.53125 0.07421875 0.0703125
4 0.634375 0.40625 0.07421875 0.0625
4 0.7828125 0.3828125 0.0625 0.0546875
2 0.5859375 0.59375 0.07421875 0.0703125
2 0.459375 0.30625 0.0546875 0.05078125
2 0.6 0.34375 0.05078125 0.0546875
2 0.36875 0.4 0.078125 0.0703125
1 0.3125 0.203125 0.078125 0.078125
1 0.3890625 0.51171875 0.046875 0.046875
0 0.66015625 0.5234375 0.0625 0.0625
0 0.5 0.609375 0.06640625 0.078125
0 0.421875 0.6546875 0.06640625 0.0546875
0 0.365625 0.5640625 0.09375 0.0859375