5 0.540625 0.603125 0.07421875 0.0703125
5 0.609375 0.6078125 0.0546875 0.0625
5 0.6484375 0.3296875 0.0625 0.05859375
5 0.2265625 0.33203125 0.06640625 0.06640625
5 0.31875 0.265625 0.05859375 0.0625
5 0.459375 0.140625 0.06640625 0.07421875
4 0.21875 0.428125 0.07421875 0.05859375
4 0.5875 0.50390625 0.0703125 0.06640625
4 0.540625 0.1328125 0.0546875 0.0703125
3 0.390625 0.5078125 0.06640625 0.0625
3 0.38125 0.13671875 0.05859375 0.05859375
3 0.634375 0.14453125 0.078125 0.08203125
2 0.25390625 0.2828125 0.0546875 0.04296875
1 0.53515625 0.42578125 0.05078125 0.0546875
1 0.28515625 0.46875 0.05078125 0.05078125
0 0.45703125 0.34765625 0.05859375 0.05078125
0 0.21875 0.25390625 0.05859375 0.05078125
0 0.22265625 0.1484375 0.05859375 0.0625