5 0.5625 0.5796875 0.0625 0.05859375
5 0.6328125 0.48046875 0.0546875 0.0546875
4 0.50390625 0.290625 0.046875 0.05078125
4 0.7640625 0.55078125 0.0546875 0.05078125
4 0.5625 0.6796875 0.0703125 0.0703125
4 0.478125 0.69375 0.06640625 0.06640625
4 0.43125 0.803125 0.05859375 0.05859375
3 0.725 0.321875 0.0703125 0.06640625
3 0.47265625 0.4828125 0.06640625 0.0703125
3 0.69921875 0.69140625 0.06640625 0.06640625
2 0.7828125 0.4765625 0.05859375 0.05078125
2 0.4921875 0.4046875 0.0625 0.0625
2 0.5078125 0.53125 0.046875 0.05078125
2 0.43359375 0.57421875 0.0546875 0.05859375
2 0.3421875 0.69375 0.046875 0.05078125
1 0.671875 0.2875 0.0703125 0.07421875
1 0.7671875 0.42578125 0.07421875 0.0625
1 0.3984375 0.890625 0.0546875 0.0625
0 0.609375 0.28125 0.05859375 0.06640625
0 0.771875 0.375 0.0703125 0.0625
0 0.7359375 0.49609375 0.05078125 0.05078125
0 0.7796875 0.65 0.0546875 0.05078125