0 0.609375 0.23046875 0.046875 0.0546875
0 0.7671875 0.3296875 0.05859375 0.06640625
1 0.509375 0.3984375 0.0625 0.0703125
1 0.453125 0.5875 0.05078125 0.0546875
1 0.4234375 0.73046875 0.0625 0.0546875
1 0.8421875 0.68359375 0.0703125 0.0625
1 0.8125 0.515625 0.0703125 0.0546875
1 0.8421875 0.3359375 0.07421875 0.0625
2 0.8515625 0.38671875 0.0546875 0.05078125
2 0.85546875 0.4671875 0.0703125 0.0625
3 0.5453125 0.2671875 0.0546875 0.05859375
3 0.76171875 0.40625 0.07421875 0.0703125
3 0.77734375 0.6890625 0.06640625 0.06640625
4 0.421875 0.34375 0.0703125 0.0703125
4 0.37109375 0.58203125 0.07421875 0.0703125
4 0.77734375 0.2421875 0.078125 0.078125
4 0.8453125 0.2953125 0.05078125 0.04296875
5 0.671875 0.303125 0.046875 0.05078125