0 0.3828125 0.4375 0.0390625 0.046875
0 0.334375 0.46875 0.0625 0.046875
0 0.4296875 0.3984375 0.046875 0.046875
0 0.5390625 0.37890625 0.03125 0.046875
1 0.64453125 0.5390625 0.0546875 0.0625
1 0.47265625 0.5625 0.0390625 0.0390625
1 0.26171875 0.58984375 0.0625 0.0546875
1 0.6875 0.1953125 0.06640625 0.0703125
2 0.3046875 0.23828125 0.05078125 0.0703125
2 0.21875 0.3203125 0.05078125 0.05078125
2 0.48046875 0.234375 0.0546875 0.0546875
2 0.58203125 0.365625 0.0546875 0.05859375
2 0.39453125 0.58984375 0.0625 0.0703125
3 0.55859375 0.42578125 0.05078125 0.05859375
3 0.24609375 0.4125 0.0546875 0.046875
3 0.4078125 0.33203125 0.046875 0.04296875
3 0.5296875 0.31640625 0.05078125 0.0546875
4 0.415625 0.28125 0.05078125 0.0546875
4 0.50390625 0.49375 0.046875 0.046875
4 0.5171875 0.5546875 0.05078125 0.0546875
4 0.5 0.65234375 0.0625 0.0546875
4 0.415625 0.703125 0.05078125 0.046875
5 0.271875 0.5234375 0.0625 0.05859375
5 0.4296875 0.20703125 0.046875 0.046875
3 0.5 0.3984375 0.0390625 0.0625