5 0.69140625 0.33203125 0.0546875 0.0546875
5 0.571875 0.40625 0.0546875 0.046875
5 0.4609375 0.3609375 0.06640625 0.06640625
5 0.4984375 0.2984375 0.05859375 0.0625
5 0.39453125 0.42578125 0.05859375 0.06640625
5 0.5765625 0.44921875 0.07421875 0.0703125
5 0.5765625 0.5234375 0.05078125 0.0546875
5 0.48828125 0.52734375 0.0625 0.0625
0 0.546875 0.3671875 0.0703125 0.07421875
0 0.64453125 0.6078125 0.0546875 0.0625
0 0.46484375 0.640625 0.07421875 0.0703125
2 0.7046875 0.61328125 0.0703125 0.0546875
4 0.5375 0.49609375 0.0625 0.0703125
1 0.43125 0.51171875 0.0625 0.0703125
3 0.365625 0.5390625 0.0625 0.0625