0 0.6328125 0.5484375 0.06640625 0.06640625
0 0.5859375 0.57421875 0.046875 0.046875
0 0.76171875 0.2671875 0.0625 0.0625
0 0.36328125 0.51953125 0.0625 0.0625
0 0.33984375 0.46875 0.05078125 0.046875
1 0.75 0.18125 0.07421875 0.07421875
2 0.3890625 0.73046875 0.046875 0.05078125
2 0.71484375 0.5546875 0.0625 0.0546875
2 0.68359375 0.46875 0.0625 0.05859375
3 0.7734375 0.8375 0.05078125 0.05078125
3 0.740625 0.79296875 0.0625 0.0625
3 0.6796875 0.7984375 0.046875 0.05078125
3 0.6171875 0.64453125 0.0625 0.0625
3 0.58984375 0.52734375 0.0625 0.0625
3 0.7734375 0.49375 0.05078125 0.046875
3 0.4125 0.40625 0.046875 0.046875
4 0.7109375 0.678125 0.05078125 0.0546875
4 0.765625 0.66796875 0.06640625 0.0625
4 0.48046875 0.8375 0.0546875 0.06640625
5 0.61328125 0.80859375 0.05078125 0.0625
5 0.5453125 0.640625 0.06640625 0.0703125
5 0.59765625 0.44921875 0.0703125 0.0625