4 0.44375 0.6578125 0.07421875 0.07421875
4 0.828125 0.54296875 0.07421875 0.0703125
4 0.7984375 0.77734375 0.0703125 0.0703125
4 0.25390625 0.7953125 0.0625 0.05859375
3 0.3828125 0.7515625 0.0625 0.0703125
3 0.48046875 0.7890625 0.05859375 0.0703125
1 0.54296875 0.79296875 0.0625 0.0703125
1 0.1421875 0.78515625 0.0546875 0.0625
1 0.7484375 0.80078125 0.05078125 0.05078125
2 0.4703125 0.3734375 0.05859375 0.0703125
2 0.2359375 0.56640625 0.07421875 0.08984375
1 0.54296875 0.63125 0.078125 0.06640625
0 0.515625 0.55625 0.0625 0.0625
0 0.359375 0.665625 0.0625 0.06640625
0 0.55859375 0.7265625 0.06640625 0.05859375
0 0.74609375 0.74609375 0.07421875 0.05859375