0 0.4390625 0.796875 0.0546875 0.0625
0 0.6734375 0.3984375 0.0625 0.05859375
1 0.7171875 0.6234375 0.0625 0.0625
1 0.5375 0.5484375 0.05078125 0.05078125
1 0.64453125 0.2953125 0.0546875 0.046875
1 0.44140625 0.42578125 0.0703125 0.0703125
1 0.17578125 0.40234375 0.0546875 0.05078125
0 0.3828125 0.2828125 0.0625 0.0625
2 0.734375 0.41015625 0.046875 0.04296875
2 0.76171875 0.2890625 0.0546875 0.046875
2 0.35546875 0.4140625 0.06640625 0.0703125
3 0.80625 0.36328125 0.0703125 0.0625
3 0.58984375 0.37109375 0.0546875 0.0546875
3 0.5453125 0.3046875 0.05078125 0.05078125
3 0.51171875 0.4203125 0.05078125 0.046875
4 0.8109375 0.77734375 0.0546875 0.046875
4 0.7265625 0.3515625 0.05859375 0.0546875
4 0.61875 0.33203125 0.0625 0.0546875
4 0.203125 0.50390625 0.0703125 0.0625
4 0.384375 0.334375 0.06640625 0.0625
2 0.4078125 0.390625 0.06640625 0.0703125
5 0.46484375 0.38671875 0.0546875 0.0546875