5 0.603125 0.540625 0.0703125 0.07421875
5 0.6078125 0.609375 0.0625 0.0546875
5 0.3296875 0.646875 0.05859375 0.0625
5 0.3296875 0.2265625 0.06640625 0.06640625
5 0.265625 0.31640625 0.0625 0.05859375
5 0.1390625 0.459375 0.07421875 0.06640625
4 0.428125 0.2171875 0.05859375 0.07421875
4 0.50390625 0.5859375 0.06640625 0.0703125
4 0.1328125 0.540625 0.0703125 0.0546875
3 0.5078125 0.390625 0.0625 0.06640625
3 0.13671875 0.37890625 0.05859375 0.05859375
3 0.14453125 0.634375 0.0859375 0.078125
2 0.2828125 0.25390625 0.04296875 0.0546875
1 0.421875 0.5328125 0.0546875 0.05078125
1 0.4671875 0.28515625 0.05078125 0.05078125
0 0.3453125 0.45703125 0.05078125 0.05859375
0 0.25390625 0.2171875 0.05078125 0.05859375
0 0.1484375 0.22265625 0.0625 0.05859375