0 0.25 0.5078125 0.0703125 0.06640625
0 0.23828125 0.2515625 0.0546875 0.05078125
0 0.765625 0.72265625 0.078125 0.07421875
1 0.2328125 0.8046875 0.06640625 0.0703125
1 0.2734375 0.7796875 0.046875 0.05078125
1 0.24609375 0.61875 0.0546875 0.05078125
1 0.24609375 0.1640625 0.0703125 0.0625
1 0.35546875 0.171875 0.0546875 0.0546875
2 0.54296875 0.4296875 0.046875 0.046875
2 0.2484375 0.40625 0.0703125 0.0625
3 0.4375 0.40625 0.0546875 0.05078125
4 0.35546875 0.76953125 0.0546875 0.0546875
4 0.4765625 0.82421875 0.046875 0.0625
4 0.4609375 0.5234375 0.0546875 0.0546875
4 0.39453125 0.1328125 0.0546875 0.0546875
4 0.7046875 0.37890625 0.0625 0.05859375
5 0.31640625 0.80078125 0.0703125 0.078125
5 0.30859375 0.2421875 0.05078125 0.046875
5 0.2734375 0.2734375 0.046875 0.0546875
5 0.3046875 0.1859375 0.0625 0.05859375
1 0.303125 0.48828125 0.078125 0.0703125