2 0.49609375 0.1953125 0.01953125 0.0078125
2 0.5375 0.2125 0.01953125 0.01171875
2 0.4609375 0.2109375 0.0390625 0.015625
5 0.5859375 0.2109375 0.01953125 0.0078125
0 0.6015625 0.22265625 0.015625 0.0078125
5 0.6578125 0.228125 0.02734375 0.01171875
2 0.525 0.2578125 0.0390625 0.01953125
5 0.4375 0.265625 0.03515625 0.01953125
1 0.3984375 0.26171875 0.0234375 0.015625
1 0.3609375 0.265625 0.02734375 0.01171875
5 0.34375 0.26171875 0.0234375 0.01171875
0 0.28515625 0.2875 0.0234375 0.01171875
2 0.37109375 0.321875 0.0234375 0.01171875
3 0.3109375 0.3265625 0.0234375 0.01171875
5 0.5921875 0.290625 0.0234375 0.01171875
5 0.71875 0.2890625 0.01953125 0.0078125
0 0.6859375 0.30859375 0.0390625 0.0234375
2 0.5921875 0.30625 0.0234375 0.01171875
3 0.63671875 0.334375 0.04296875 0.0234375
3 0.57421875 0.3375 0.03125 0.015625
5 0.46484375 0.34765625 0.0234375 0.015625
1 0.85546875 0.3125 0.04296875 0.0234375
4 0.828125 0.34765625 0.03515625 0.01953125
5 0.70703125 0.375 0.03125 0.015625
3 0.64453125 0.40234375 0.0390625 0.0234375
5 0.5859375 0.4 0.03125 0.015625
1 0.5390625 0.3671875 0.0234375 0.01171875
3 0.5078125 0.375 0.0390625 0.0234375
2 0.459375 0.3890625 0.03125 0.015625
2 0.665625 0.43359375 0.05078125 0.02734375
0 0.54296875 0.41796875 0.046875 0.0234375
2 0.49609375 0.4140625 0.0390625 0.01953125
0 0.1625 0.3578125 0.0234375 0.01171875
1 0.3203125 0.43359375 0.0390625 0.01953125
3 0.24375 0.453125 0.0390625 0.0234375
3 0.18125 0.44921875 0.04296875 0.0234375
0 0.18359375 0.4125 0.0234375 0.015625
4 0.28125 0.46484375 0.0390625 0.0234375
5 0.328125 0.50625 0.0546875 0.03515625
3 0.44140625 0.578125 0.0546875 0.0390625
1 0.51171875 0.53125 0.046875 0.03125
2 0.48828125 0.4625 0.046875 0.02734375
3 0.7890625 0.5015625 0.0546875 0.03125
2 0.8109375 0.6328125 0.05859375 0.0390625