2 0.1953125 0.49609375 0.01171875 0.01953125
2 0.2125 0.5375 0.01171875 0.01953125
2 0.2109375 0.4609375 0.01953125 0.0390625
5 0.2109375 0.5859375 0.0078125 0.01953125
0 0.22265625 0.6015625 0.0078125 0.01953125
5 0.228125 0.6578125 0.01171875 0.02734375
2 0.2578125 0.525 0.01953125 0.0390625
5 0.265625 0.4375 0.01953125 0.03515625
1 0.26171875 0.3984375 0.015625 0.02734375
1 0.265625 0.3609375 0.01171875 0.02734375
5 0.26171875 0.34375 0.01171875 0.0234375
0 0.2875 0.28515625 0.01171875 0.0234375
2 0.321875 0.37109375 0.01171875 0.02734375
3 0.3265625 0.3109375 0.01171875 0.0234375
5 0.290625 0.5921875 0.01171875 0.0234375
5 0.2890625 0.71875 0.01171875 0.01953125
0 0.30859375 0.6859375 0.0234375 0.0390625
2 0.30625 0.5921875 0.01171875 0.0234375
3 0.334375 0.63671875 0.0234375 0.04296875
3 0.3375 0.57421875 0.015625 0.03125
5 0.34765625 0.46484375 0.015625 0.02734375
1 0.3125 0.85546875 0.0234375 0.04296875
4 0.34765625 0.828125 0.01953125 0.03515625
5 0.375 0.70703125 0.01953125 0.03515625
3 0.40234375 0.64453125 0.0234375 0.0390625
5 0.4 0.5859375 0.015625 0.03125
1 0.3671875 0.5390625 0.01171875 0.0234375
3 0.375 0.5078125 0.0234375 0.04296875
2 0.3890625 0.459375 0.015625 0.03125
2 0.43359375 0.665625 0.02734375 0.05078125
0 0.41796875 0.54296875 0.02734375 0.046875
2 0.4140625 0.49609375 0.01953125 0.0390625
0 0.3578125 0.1625 0.01171875 0.0234375
1 0.43359375 0.3203125 0.01953125 0.0390625
3 0.453125 0.24375 0.0234375 0.0390625
3 0.44921875 0.18125 0.0234375 0.04296875
0 0.4125 0.18359375 0.015625 0.02734375
4 0.46484375 0.28125 0.0234375 0.04296875
5 0.50625 0.328125 0.03515625 0.05859375
3 0.578125 0.44140625 0.0390625 0.05859375
1 0.53125 0.51171875 0.03515625 0.05078125
2 0.4625 0.48828125 0.02734375 0.046875
3 0.5015625 0.7890625 0.03125 0.0546875
2 0.6328125 0.8109375 0.0390625 0.05859375