2 0.50390625 0.80859375 0.01953125 0.0078125
2 0.46484375 0.7890625 0.01953125 0.01171875
2 0.5390625 0.79296875 0.0390625 0.015625
5 0.4140625 0.7890625 0.01953125 0.0078125
0 0.40234375 0.7796875 0.015625 0.0078125
5 0.34375 0.771875 0.02734375 0.01171875
2 0.475 0.74375 0.0390625 0.01953125
5 0.5625 0.734375 0.03515625 0.01953125
1 0.60546875 0.73828125 0.0234375 0.015625
1 0.640625 0.734375 0.02734375 0.01171875
5 0.6578125 0.740625 0.0234375 0.01171875
0 0.71484375 0.71484375 0.0234375 0.01171875
2 0.62890625 0.6796875 0.0234375 0.01171875
3 0.6890625 0.67578125 0.0234375 0.01171875
5 0.41015625 0.7109375 0.0234375 0.01171875
5 0.2828125 0.7109375 0.01953125 0.0078125
0 0.31640625 0.69375 0.0390625 0.0234375
2 0.4078125 0.6953125 0.0234375 0.01171875
3 0.36328125 0.665625 0.04296875 0.0234375
3 0.42578125 0.6640625 0.03125 0.015625
5 0.5390625 0.65625 0.0234375 0.015625
1 0.14453125 0.6890625 0.04296875 0.0234375
4 0.171875 0.65234375 0.03515625 0.01953125
5 0.29296875 0.62890625 0.03125 0.015625
3 0.35546875 0.59765625 0.0390625 0.0234375
5 0.4140625 0.6 0.03125 0.015625
1 0.4609375 0.6328125 0.0234375 0.01171875
3 0.4921875 0.625 0.0390625 0.0234375
2 0.540625 0.61328125 0.03125 0.015625
2 0.3359375 0.56640625 0.05078125 0.02734375
0 0.45703125 0.5859375 0.046875 0.0234375
2 0.50390625 0.5875 0.0390625 0.01953125
0 0.83984375 0.64453125 0.0234375 0.01171875
1 0.68125 0.56875 0.0390625 0.01953125
3 0.7578125 0.546875 0.0390625 0.0234375
3 0.8203125 0.55078125 0.04296875 0.0234375
0 0.81640625 0.58984375 0.0234375 0.015625
4 0.71875 0.53515625 0.0390625 0.0234375
5 0.671875 0.49375 0.0546875 0.03515625
3 0.5625 0.421875 0.0546875 0.0390625
1 0.48828125 0.47265625 0.046875 0.03125
2 0.51171875 0.5390625 0.046875 0.02734375
3 0.2109375 0.4984375 0.0546875 0.03125
2 0.1890625 0.3671875 0.05859375 0.0390625