2 0.49609375 0.80859375 0.01953125 0.0078125
2 0.53515625 0.7890625 0.01953125 0.01171875
2 0.4609375 0.79296875 0.0390625 0.015625
5 0.5859375 0.7890625 0.01953125 0.0078125
0 0.59765625 0.7796875 0.015625 0.0078125
5 0.65625 0.771875 0.02734375 0.01171875
2 0.525 0.74375 0.0390625 0.01953125
5 0.4375 0.734375 0.03515625 0.01953125
1 0.39453125 0.73828125 0.0234375 0.015625
1 0.359375 0.734375 0.02734375 0.01171875
5 0.3421875 0.740625 0.0234375 0.01171875
0 0.28515625 0.71484375 0.0234375 0.01171875
2 0.37109375 0.6796875 0.0234375 0.01171875
3 0.3109375 0.67578125 0.0234375 0.01171875
5 0.58984375 0.7109375 0.0234375 0.01171875
5 0.7171875 0.7109375 0.01953125 0.0078125
0 0.68359375 0.69375 0.0390625 0.0234375
2 0.5921875 0.6953125 0.0234375 0.01171875
3 0.63671875 0.665625 0.04296875 0.0234375
3 0.57421875 0.6640625 0.03125 0.015625
5 0.4609375 0.65625 0.0234375 0.015625
1 0.85546875 0.6890625 0.04296875 0.0234375
4 0.828125 0.65234375 0.03515625 0.01953125
5 0.70703125 0.62890625 0.03125 0.015625
3 0.64453125 0.59765625 0.0390625 0.0234375
5 0.5859375 0.6 0.03125 0.015625
1 0.5390625 0.6328125 0.0234375 0.01171875
3 0.5078125 0.625 0.0390625 0.0234375
2 0.459375 0.61328125 0.03125 0.015625
2 0.6640625 0.56640625 0.05078125 0.02734375
0 0.54296875 0.5859375 0.046875 0.0234375
2 0.49609375 0.5875 0.0390625 0.01953125
0 0.16015625 0.64453125 0.0234375 0.01171875
1 0.31875 0.56875 0.0390625 0.01953125
3 0.2421875 0.546875 0.0390625 0.0234375
3 0.1796875 0.55078125 0.04296875 0.0234375
0 0.18359375 0.58984375 0.0234375 0.015625
4 0.28125 0.53515625 0.0390625 0.0234375
5 0.328125 0.49375 0.0546875 0.03515625
3 0.4375 0.421875 0.0546875 0.0390625
1 0.51171875 0.47265625 0.046875 0.03125
2 0.48828125 0.5390625 0.046875 0.02734375
3 0.7890625 0.4984375 0.0546875 0.03125
2 0.8109375 0.3671875 0.05859375 0.0390625