5 0.76171875 0.5234375 0.05078125 0.0234375
5 0.6328125 0.49609375 0.046875 0.01953125
5 0.578125 0.48046875 0.04296875 0.01953125
5 0.4671875 0.4625 0.0390625 0.01953125
5 0.52734375 0.52734375 0.0703125 0.03125
5 0.64453125 0.5609375 0.078125 0.03125
5 0.725 0.59765625 0.0703125 0.0234375
5 0.7171875 0.62890625 0.03125 0.01171875
5 0.765625 0.603125 0.03515625 0.01171875
5 0.6328125 0.59765625 0.04296875 0.015625
5 0.6109375 0.6546875 0.05859375 0.01953125
5 0.62109375 0.678125 0.03125 0.01171875
5 0.68125 0.66015625 0.04296875 0.01171875
5 0.5609375 0.6703125 0.0390625 0.01171875
5 0.55859375 0.62109375 0.05859375 0.01953125
5 0.546875 0.55859375 0.0390625 0.015625
5 0.3671875 0.49609375 0.05078125 0.0234375
5 0.4625 0.55859375 0.0546875 0.0234375
5 0.37890625 0.56875 0.0390625 0.015625
5 0.303125 0.56640625 0.03515625 0.015625
5 0.359375 0.5375 0.0625 0.0234375
5 0.2203125 0.5546875 0.06640625 0.0234375
5 0.1625 0.60546875 0.03125 0.01171875
5 0.24375 0.640625 0.046875 0.015625
5 0.28515625 0.678125 0.046875 0.015625
5 0.328125 0.71484375 0.0546875 0.015625
5 0.37890625 0.67578125 0.04296875 0.015625
5 0.40625 0.6953125 0.03125 0.0078125
5 0.4515625 0.6859375 0.02734375 0.0078125
5 0.53515625 0.6890625 0.0234375 0.0078125
5 0.4984375 0.66796875 0.02734375 0.0078125
5 0.4390625 0.66015625 0.046875 0.015625
5 0.5015625 0.64453125 0.0390625 0.01171875
5 0.44921875 0.625 0.0546875 0.01953125
5 0.37109375 0.6171875 0.0546875 0.01953125
5 0.29296875 0.62109375 0.0625 0.0234375
5 0.19921875 0.5875 0.04296875 0.01953125
5 0.47265625 0.58203125 0.03125 0.01171875
5 0.353125 0.65234375 0.0625 0.0234375
5 0.5609375 0.4375 0.05859375 0.03125