5 0.4765625 0.76171875 0.0234375 0.05078125
5 0.50390625 0.63671875 0.01953125 0.046875
5 0.51953125 0.5796875 0.01953125 0.04296875
5 0.5375 0.46875 0.01953125 0.0390625
5 0.47265625 0.53125 0.03125 0.0703125
5 0.4390625 0.64453125 0.03125 0.078125
5 0.40234375 0.725 0.02734375 0.0703125
5 0.37109375 0.71875 0.01171875 0.03125
5 0.396875 0.765625 0.01171875 0.03515625
5 0.40234375 0.6328125 0.015625 0.04296875
5 0.3453125 0.6109375 0.01953125 0.05859375
5 0.321875 0.6234375 0.01171875 0.03125
5 0.33984375 0.68125 0.01171875 0.04296875
5 0.3296875 0.5609375 0.01171875 0.0390625
5 0.37890625 0.5609375 0.01953125 0.05859375
5 0.44140625 0.546875 0.015625 0.0390625
5 0.50390625 0.36875 0.02734375 0.05078125
5 0.44140625 0.4625 0.0234375 0.0546875
5 0.43125 0.37890625 0.015625 0.04296875
5 0.43359375 0.303125 0.015625 0.03515625
5 0.4625 0.359375 0.0234375 0.0625
5 0.4453125 0.2203125 0.02734375 0.06640625
5 0.39453125 0.1640625 0.01171875 0.03125
5 0.359375 0.24375 0.015625 0.046875
5 0.321875 0.28515625 0.015625 0.05078125
5 0.28515625 0.328125 0.015625 0.0546875
5 0.32421875 0.37890625 0.015625 0.04296875
5 0.3046875 0.4078125 0.01171875 0.03125
5 0.3140625 0.453125 0.0078125 0.02734375
5 0.3109375 0.5390625 0.0078125 0.02734375
5 0.33203125 0.4984375 0.01171875 0.02734375
5 0.33984375 0.44140625 0.015625 0.046875
5 0.35546875 0.50390625 0.01171875 0.0390625
5 0.375 0.453125 0.01953125 0.05859375
5 0.3828125 0.37109375 0.01953125 0.0546875
5 0.37890625 0.29296875 0.0234375 0.06640625
5 0.4125 0.19921875 0.01953125 0.04296875
5 0.41796875 0.47265625 0.01171875 0.03515625
5 0.34765625 0.353125 0.0234375 0.0625
5 0.5625 0.5625 0.03125 0.05859375