5 0.72265625 0.86328125 0.0234375 0.0546875
2 0.7015625 0.75 0.015625 0.0390625
2 0.6875 0.6234375 0.01953125 0.0390625
2 0.6953125 0.58984375 0.015625 0.03125
3 0.63125 0.5390625 0.03125 0.0625
1 0.64453125 0.490625 0.015625 0.03125
0 0.5796875 0.4390625 0.03515625 0.05859375
3 0.44140625 0.37890625 0.0546875 0.08203125
3 0.38671875 0.49609375 0.04296875 0.0625
1 0.3265625 0.55078125 0.06640625 0.08984375
3 0.3203125 0.6484375 0.05078125 0.0703125
1 0.125 0.428125 0.1015625 0.12109375
0 0.546875 0.1640625 0.0234375 0.0546875
5 0.6953125 0.18359375 0.015625 0.03125
3 0.59765625 0.21875 0.0234375 0.0390625
4 0.59765625 0.34765625 0.01953125 0.04296875
0 0.578125 0.3046875 0.02734375 0.05859375
1 0.65625 0.37109375 0.015625 0.03125
2 0.7265625 0.29296875 0.0234375 0.0625
2 0.7734375 0.3359375 0.015625 0.0234375
5 0.771875 0.3984375 0.0234375 0.05078125
5 0.828125 0.4390625 0.01171875 0.03125
2 0.84765625 0.4140625 0.0078125 0.03125
3 0.83984375 0.37109375 0.0234375 0.046875
2 0.8296875 0.3125 0.01171875 0.03125
1 0.80625 0.3140625 0.01171875 0.0234375
2 0.7671875 0.203125 0.01171875 0.0234375
2 0.7890625 0.21875 0.015625 0.03125
1 0.7875 0.171875 0.015625 0.03125
4 0.7671875 0.13671875 0.01171875 0.0234375
1 0.87109375 0.5859375 0.0078125 0.0234375
2 0.8109375 0.640625 0.0078125 0.02734375
2 0.759375 0.603125 0.0234375 0.046875
1 0.71484375 0.5234375 0.03125 0.0546875
2 0.5546875 0.9296875 0.015625 0.0390625
0 0.5078125 0.87109375 0.0234375 0.0390625
2 0.4609375 0.71875 0.04296875 0.0703125
3 0.3046875 0.9125 0.0625 0.09375
3 0.36328125 0.3203125 0.0390625 0.0625
1 0.3046875 0.32421875 0.046875 0.0625
0 0.4390625 0.021875 0.04296875 0.04296875
5 0.7328125 0.33203125 0.01171875 0.0234375