0 0.36875 0.2125 0.07421875 0.09765625
0 0.35 0.4515625 0.0703125 0.1015625
2 0.4125 0.3828125 0.0859375 0.125
2 0.40625 0.50390625 0.0859375 0.125
4 0.46875 0.2875 0.0703125 0.10546875
4 0.48046875 0.390625 0.05859375 0.0859375
0 0.546875 0.44140625 0.078125 0.09375
5 0.5765625 0.5328125 0.0625 0.09375
3 0.478125 0.8359375 0.078125 0.1015625
0 0.4671875 0.93125 0.08984375 0.09375
3 0.5453125 0.8375 0.078125 0.109375
5 0.6171875 0.2875 0.06640625 0.09375
3 0.703125 0.4703125 0.0703125 0.09765625
3 0.671875 0.7421875 0.078125 0.10546875