3 0.6328125 0.3125 0.0859375 0.0703125
0 0.52734375 0.31640625 0.08203125 0.0625
3 0.5953125 0.36328125 0.078125 0.078125
0 0.72265625 0.38671875 0.09765625 0.0703125
4 0.634375 0.4453125 0.09375 0.0859375
5 0.7984375 0.49375 0.125 0.0859375
3 0.71484375 0.65234375 0.10546875 0.0859375
4 0.25 0.65 0.1171875 0.08203125
1 0.19375 0.55859375 0.125 0.0859375
0 0.4390625 0.415625 0.0859375 0.078125
3 0.3921875 0.3515625 0.09375 0.0703125
1 0.1796875 0.4515625 0.1015625 0.0859375
4 0.2640625 0.46484375 0.09375 0.07421875