3 0.7828125 0.359375 0.1015625 0.109375
2 0.7484375 0.5609375 0.0859375 0.109375
2 0.696875 0.71875 0.078125 0.11328125
5 0.53125 0.84375 0.0859375 0.1015625
2 0.51953125 0.7421875 0.0859375 0.1171875
3 0.46484375 0.87890625 0.08984375 0.125
5 0.3828125 0.8265625 0.08984375 0.12890625
2 0.41796875 0.728125 0.09375 0.1328125
4 0.334375 0.7265625 0.0859375 0.109375
5 0.3265625 0.571875 0.1015625 0.125
2 0.22265625 0.5640625 0.09375 0.109375
2 0.44921875 0.603125 0.09375 0.12109375
2 0.47265625 0.49375 0.0859375 0.1171875
0 0.5390625 0.3765625 0.078125 0.109375
3 0.5796875 0.48828125 0.08984375 0.10546875
4 0.6484375 0.56640625 0.08203125 0.09375
0 0.609375 0.3671875 0.08203125 0.10546875
2 0.5875 0.18125 0.078125 0.11328125
0 0.47265625 0.1234375 0.078125 0.11328125
3 0.415625 0.21875 0.0859375 0.1328125
5 0.2890625 0.19921875 0.09375 0.1328125
3 0.25625 0.390625 0.08984375 0.1171875
2 0.359375 0.41796875 0.08984375 0.1015625
4 0.4609375 0.37890625 0.0859375 0.1015625