1 0.45703125 0.2734375 0.05078125 0.078125
3 0.4125 0.2828125 0.046875 0.07421875
5 0.39453125 0.328125 0.0546875 0.06640625
0 0.37109375 0.37109375 0.04296875 0.06640625
5 0.38671875 0.44921875 0.0546875 0.07421875
1 0.3296875 0.46875 0.05859375 0.07421875
3 0.3453125 0.546875 0.0546875 0.0703125
1 0.2828125 0.59375 0.05859375 0.078125
1 0.3203125 0.6421875 0.0546875 0.07421875
4 0.3984375 0.6859375 0.0703125 0.1015625
4 0.44375 0.5859375 0.0625 0.09765625
3 0.47265625 0.453125 0.0546875 0.0703125
4 0.459375 0.39453125 0.046875 0.07421875
5 0.4671875 0.32421875 0.046875 0.0703125
3 0.5078125 0.29296875 0.046875 0.06640625
0 0.5484375 0.3125 0.0546875 0.0859375
1 0.5296875 0.421875 0.06640625 0.08984375
1 0.57421875 0.2796875 0.03515625 0.0546875
1 0.6171875 0.2875 0.0546875 0.0546875
5 0.59375 0.353125 0.05859375 0.09375
4 0.6578125 0.41015625 0.046875 0.06640625
4 0.5765625 0.46875 0.05078125 0.07421875
2 0.625 0.46875 0.0625 0.09765625
4 0.6734375 0.5171875 0.0546875 0.0703125
5 0.65625 0.5796875 0.0625 0.0859375
0 0.56640625 0.5796875 0.0625 0.08203125
0 0.6625 0.671875 0.07421875 0.0859375
1 0.5296875 0.63125 0.0546875 0.08984375
2 0.51171875 0.55859375 0.06640625 0.08984375
1 0.5453125 0.4921875 0.046875 0.05859375