0 0.021875 0.25390625 0.0390625 0.046875
4 0.21484375 0.365625 0.046875 0.05078125
0 0.2421875 0.30859375 0.046875 0.0625
5 0.3125 0.275 0.046875 0.0625
4 0.3921875 0.32421875 0.046875 0.0625
1 0.44140625 0.2640625 0.046875 0.05859375
2 0.390625 0.46484375 0.046875 0.0625
2 0.4375 0.6171875 0.04296875 0.0703125
2 0.48828125 0.4921875 0.046875 0.0625
4 0.540625 0.4515625 0.046875 0.0546875
2 0.5453125 0.359375 0.05078125 0.0625
2 0.2421875 0.4453125 0.05078125 0.0546875
1 0.2109375 0.4765625 0.046875 0.0625
0 0.24375 0.55859375 0.0546875 0.0546875
3 0.2578125 0.6015625 0.0546875 0.0546875