0 0.68359375 0.334375 0.078125 0.0546875
5 0.7125 0.4078125 0.08984375 0.06640625
3 0.80078125 0.42578125 0.0703125 0.0546875
2 0.68359375 0.46875 0.0859375 0.05859375
0 0.6234375 0.615625 0.078125 0.05859375
5 0.4765625 0.53515625 0.08203125 0.0625
4 0.4140625 0.61328125 0.0859375 0.0703125
4 0.48828125 0.415625 0.078125 0.06640625
1 0.38671875 0.31875 0.0859375 0.0703125
0 0.3921875 0.3828125 0.09375 0.06640625
2 0.40625 0.44140625 0.078125 0.0703125
0 0.38125 0.484375 0.08203125 0.0625
2 0.31640625 0.4546875 0.08203125 0.0625
5 0.2484375 0.38671875 0.08984375 0.06640625
0 0.2265625 0.5015625 0.0859375 0.06640625
0 0.209375 0.553125 0.09375 0.0625
0 0.2484375 0.6015625 0.09375 0.06640625
1 0.2890625 0.553125 0.09765625 0.05859375