4 0.7875 0.57421875 0.08984375 0.0625
0 0.79296875 0.51171875 0.10546875 0.0546875
0 0.7828125 0.3671875 0.0859375 0.05859375
0 0.62890625 0.428125 0.0859375 0.0546875
5 0.59765625 0.37109375 0.1015625 0.078125
4 0.62109375 0.49609375 0.12109375 0.078125
0 0.5484375 0.44140625 0.1171875 0.078125
4 0.49609375 0.50625 0.11328125 0.0859375
4 0.396875 0.509375 0.125 0.078125
3 0.5015625 0.5921875 0.109375 0.078125
0 0.478125 0.67578125 0.1171875 0.0859375
1 0.5609375 0.6875 0.09375 0.078125
0 0.603125 0.603125 0.1015625 0.0859375
3 0.7109375 0.59375 0.11328125 0.07421875