5 0.6859375 0.1390625 0.07421875 0.1015625
1 0.51953125 0.2578125 0.0625 0.09375
0 0.50625 0.40234375 0.0625 0.08984375
3 0.4453125 0.3765625 0.0703125 0.09375
2 0.42578125 0.603125 0.0703125 0.09375
4 0.55078125 0.69140625 0.078125 0.09375
4 0.384375 0.69375 0.0703125 0.1015625
3 0.5328125 0.8109375 0.06640625 0.1015625
1 0.58984375 0.83984375 0.06640625 0.0859375
3 0.6953125 0.8046875 0.0859375 0.11328125
3 0.80625 0.6625 0.07421875 0.09375
3 0.859375 0.49609375 0.078125 0.09375
1 0.8375 0.41015625 0.078125 0.0859375
3 0.8109375 0.3375 0.078125 0.1015625