2 0.4453125 0.21484375 0.0546875 0.07421875
2 0.3984375 0.2515625 0.05859375 0.08203125
0 0.296875 0.29296875 0.0625 0.07421875
3 0.2890625 0.34765625 0.08203125 0.08984375
0 0.30625 0.4359375 0.06640625 0.078125
4 0.2640625 0.4921875 0.08203125 0.0859375
5 0.234375 0.5546875 0.0546875 0.0703125
1 0.290625 0.56875 0.06640625 0.09375
3 0.43125 0.5875 0.0703125 0.08203125
3 0.3515625 0.70703125 0.07421875 0.12109375
1 0.41796875 0.771875 0.08984375 0.12890625
3 0.428125 0.6703125 0.078125 0.11328125
4 0.50390625 0.62890625 0.08984375 0.09765625
3 0.56875 0.6734375 0.08203125 0.11328125
0 0.50390625 0.75390625 0.0859375 0.11328125
3 0.475 0.515625 0.06640625 0.08984375
0 0.421875 0.4 0.05078125 0.0859375
1 0.478125 0.3359375 0.05859375 0.0703125
5 0.509375 0.390625 0.06640625 0.08984375
5 0.5453125 0.3296875 0.05078125 0.07421875
1 0.5953125 0.228125 0.046875 0.078125
0 0.646875 0.2671875 0.08203125 0.08984375
2 0.60546875 0.3515625 0.0625 0.09375
1 0.6171875 0.4296875 0.06640625 0.08984375
0 0.61328125 0.50390625 0.08203125 0.11328125
0 0.54296875 0.46875 0.06640625 0.10546875
4 0.5375 0.5453125 0.07421875 0.12109375
4 0.6890625 0.59375 0.08203125 0.1171875
2 0.69140625 0.50390625 0.06640625 0.1015625
0 0.7203125 0.334375 0.07421875 0.09375