0 0.2890625 0.2984375 0.09765625 0.078125
0 0.225 0.4375 0.11328125 0.07421875
0 0.3515625 0.5640625 0.10546875 0.07421875
5 0.1796875 0.51953125 0.109375 0.0703125
2 0.3515625 0.3359375 0.09375 0.08203125
3 0.35546875 0.271875 0.08203125 0.0625
0 0.43125 0.2796875 0.1015625 0.06640625
1 0.4703125 0.35 0.1015625 0.07421875
4 0.57421875 0.26953125 0.08984375 0.0703125
0 0.6265625 0.3046875 0.10546875 0.078125
1 0.75625 0.4203125 0.1015625 0.078125
4 0.81875 0.4984375 0.09765625 0.0703125
3 0.734375 0.490625 0.109375 0.05859375
5 0.58203125 0.46875 0.0859375 0.06640625
3 0.484375 0.4859375 0.09375 0.06640625
1 0.615625 0.5375 0.09375 0.07421875
4 0.728125 0.584375 0.08984375 0.06640625
5 0.740625 0.67578125 0.11328125 0.078125
4 0.6546875 0.69375 0.08203125 0.07421875
1 0.5859375 0.646875 0.09765625 0.0703125
2 0.509375 0.6890625 0.0859375 0.06640625
3 0.43125 0.6640625 0.10546875 0.06640625
1 0.321875 0.7046875 0.09765625 0.0703125
3 0.3890625 0.73828125 0.09375 0.07421875