3 0.2671875 0.6171875 0.08203125 0.09375
5 0.265625 0.4 0.078125 0.09375
4 0.28515625 0.30859375 0.06640625 0.1015625
5 0.34375 0.2984375 0.0703125 0.09375
5 0.375 0.365625 0.0703125 0.0859375
4 0.39453125 0.2796875 0.0625 0.09765625
1 0.4390625 0.203125 0.0625 0.1015625
0 0.4828125 0.1421875 0.0625 0.09375
5 0.5296875 0.2421875 0.0703125 0.08984375
1 0.5765625 0.1875 0.0625 0.09375
2 0.6625 0.26953125 0.0703125 0.09765625
5 0.65625 0.59375 0.06640625 0.0859375
4 0.5859375 0.4859375 0.078125 0.109375
4 0.53515625 0.3921875 0.0703125 0.0703125
0 0.5234375 0.4671875 0.0703125 0.0859375
3 0.525 0.5453125 0.06640625 0.08984375
4 0.478125 0.4984375 0.0703125 0.09375
0 0.42578125 0.459375 0.0625 0.08203125
4 0.390625 0.509375 0.0625 0.08203125
5 0.44375 0.56640625 0.0625 0.09375
4 0.46484375 0.6484375 0.0703125 0.0859375
2 0.525 0.728125 0.078125 0.1015625
1 0.40234375 0.65 0.0703125 0.078125
5 0.35 0.5703125 0.0625 0.0703125