0 0.5453125 0.44921875 0.0625 0.0859375
2 0.5015625 0.4921875 0.0703125 0.1015625
3 0.44140625 0.46875 0.0625 0.08984375
5 0.48828125 0.58203125 0.0703125 0.09765625
3 0.63671875 0.76171875 0.0859375 0.1171875
1 0.421875 0.728125 0.078125 0.1015625
2 0.3203125 0.5609375 0.0703125 0.09375
4 0.3765625 0.4609375 0.0625 0.109375
4 0.25625 0.4671875 0.0625 0.0859375
4 0.2875 0.41015625 0.07421875 0.1171875
0 0.35 0.353125 0.06640625 0.0859375
3 0.37109375 0.29296875 0.046875 0.0625
3 0.33984375 0.25625 0.046875 0.08984375
3 0.396875 0.2484375 0.0546875 0.08984375