4 0.4046875 0.21875 0.078125 0.07421875
3 0.490625 0.21484375 0.0859375 0.07421875
3 0.5546875 0.22265625 0.1015625 0.05859375
2 0.703125 0.2578125 0.08203125 0.0625
2 0.7109375 0.31875 0.078125 0.0546875
4 0.6390625 0.3515625 0.0859375 0.07421875
4 0.54296875 0.34375 0.08984375 0.07421875
5 0.4625 0.3296875 0.078125 0.06640625
4 0.7328125 0.3734375 0.08203125 0.07421875
4 0.7984375 0.3671875 0.08203125 0.05859375
1 0.80078125 0.4359375 0.09375 0.05859375
2 0.7484375 0.484375 0.078125 0.06640625
5 0.834375 0.50390625 0.09765625 0.0546875
0 0.76953125 0.53515625 0.06640625 0.0546875
2 0.703125 0.55078125 0.1015625 0.0625
0 0.65234375 0.4921875 0.08984375 0.0703125
5 0.6078125 0.4453125 0.08984375 0.06640625
2 0.415625 0.3984375 0.0859375 0.06640625
2 0.17578125 0.34765625 0.09375 0.0625
5 0.1734375 0.41796875 0.078125 0.05859375
5 0.25390625 0.4203125 0.09765625 0.05859375
4 0.2265625 0.46484375 0.08984375 0.0625
3 0.18359375 0.521875 0.0859375 0.078125
0 0.2640625 0.5296875 0.09375 0.0625
5 0.475 0.4765625 0.08203125 0.0625
4 0.5453125 0.49609375 0.078125 0.0625
5 0.5921875 0.5453125 0.078125 0.0625
5 0.6734375 0.615625 0.09375 0.0546875
5 0.3890625 0.540625 0.08984375 0.0703125
3 0.23828125 0.6 0.08984375 0.06640625
4 0.265625 0.6640625 0.08203125 0.0703125
4 0.34375 0.6109375 0.0703125 0.05859375
2 0.34765625 0.6734375 0.09375 0.06640625
1 0.4359375 0.6078125 0.09375 0.06640625
4 0.446875 0.68125 0.08984375 0.08203125
0 0.584375 0.6484375 0.078125 0.06640625
4 0.5328125 0.6875 0.0703125 0.08203125
2 0.65625 0.6796875 0.08984375 0.06640625