1 0.2828125 0.3828125 0.06640625 0.09375
1 0.3140625 0.3375 0.0546875 0.0703125
3 0.3296875 0.4390625 0.0546875 0.0703125
1 0.30625 0.51953125 0.07421875 0.09375
5 0.36328125 0.5546875 0.05078125 0.0703125
0 0.3421875 0.6390625 0.0625 0.0625
5 0.36328125 0.70703125 0.046875 0.06640625
3 0.37109375 0.765625 0.0546875 0.0859375
1 0.42578125 0.78125 0.0703125 0.08984375
5 0.4390625 0.7109375 0.0546875 0.0625
4 0.43125 0.640625 0.0625 0.08203125
3 0.44921875 0.5609375 0.05078125 0.078125
4 0.42578125 0.40625 0.06640625 0.0859375
4 0.3921875 0.296875 0.0703125 0.0859375
1 0.5171875 0.3578125 0.0546875 0.078125
2 0.4921875 0.446875 0.0625 0.078125
0 0.5546875 0.42578125 0.0625 0.07421875
5 0.65234375 0.42578125 0.07421875 0.0703125
0 0.6578125 0.3359375 0.078125 0.0859375
4 0.6703125 0.5 0.05859375 0.0859375
2 0.61875 0.55625 0.078125 0.09375
1 0.52734375 0.521875 0.046875 0.0625
4 0.5609375 0.553125 0.046875 0.0625
1 0.51171875 0.6 0.0625 0.08984375
3 0.4765625 0.7640625 0.046875 0.078125
0 0.53515625 0.7421875 0.0625 0.0859375
5 0.5796875 0.6953125 0.0703125 0.0859375
1 0.6078125 0.77734375 0.0625 0.0859375
1 0.5609375 0.796875 0.05078125 0.07421875
4 0.65625 0.63671875 0.0546875 0.0859375