0 0.4828125 0.165625 0.078125 0.10546875
3 0.4 0.171875 0.0703125 0.10546875
4 0.26953125 0.23828125 0.07421875 0.1015625
3 0.4359375 0.4203125 0.06640625 0.09765625
4 0.5640625 0.353125 0.0703125 0.09765625
2 0.509375 0.2640625 0.0703125 0.10546875
0 0.6109375 0.4203125 0.07421875 0.12109375
4 0.5296875 0.5859375 0.07421875 0.1171875
3 0.4046875 0.5609375 0.07421875 0.10546875
1 0.28515625 0.45703125 0.0703125 0.10546875
4 0.2578125 0.6390625 0.08203125 0.11328125
1 0.3578125 0.79296875 0.07421875 0.109375