4 0.3296875 0.2484375 0.08984375 0.078125
5 0.428125 0.24609375 0.09765625 0.0703125
5 0.54296875 0.26171875 0.10546875 0.06640625
4 0.415625 0.3203125 0.1015625 0.078125
0 0.86328125 0.41796875 0.1015625 0.06640625
3 0.821875 0.475 0.09765625 0.07421875
2 0.91796875 0.4765625 0.10546875 0.06640625
5 0.603125 0.51171875 0.1015625 0.078125
4 0.525 0.46875 0.10546875 0.07421875
3 0.4984375 0.39453125 0.109375 0.0859375
4 0.2359375 0.30625 0.10546875 0.06640625
5 0.2359375 0.36875 0.08984375 0.0703125
4 0.19140625 0.58984375 0.10546875 0.08203125
5 0.37109375 0.59375 0.109375 0.078125