1 0.1890625 0.5765625 0.08984375 0.09765625
1 0.2515625 0.6078125 0.078125 0.1015625
5 0.30859375 0.546875 0.0625 0.09375
3 0.23046875 0.4359375 0.078125 0.08984375
4 0.2578125 0.353125 0.0625 0.0859375
3 0.265625 0.2734375 0.0546875 0.0859375
5 0.3296875 0.4 0.0703125 0.09375
4 0.328125 0.3046875 0.0703125 0.09375
3 0.36328125 0.1890625 0.0546875 0.09375
4 0.4125 0.18125 0.0625 0.08984375
1 0.4390625 0.334375 0.07421875 0.08984375
2 0.415625 0.41015625 0.0625 0.0859375
4 0.4859375 0.38125 0.0703125 0.0859375
5 0.50625 0.2265625 0.0703125 0.0859375
5 0.51171875 0.3125 0.0625 0.08203125
4 0.5546875 0.3578125 0.05078125 0.07421875
4 0.578125 0.428125 0.0703125 0.078125
3 0.6390625 0.3265625 0.078125 0.109375
1 0.65234375 0.5 0.06640625 0.0859375
2 0.6859375 0.615625 0.0703125 0.09765625
2 0.584375 0.6390625 0.0546875 0.08984375
2 0.5921875 0.5234375 0.0703125 0.09375
4 0.5328125 0.540625 0.05859375 0.078125
3 0.4546875 0.4984375 0.0625 0.0859375
3 0.4765625 0.6078125 0.0625 0.078125
5 0.5296875 0.6703125 0.0703125 0.09375
5 0.5703125 0.7890625 0.078125 0.09765625
5 0.4375 0.69375 0.0625 0.0859375
3 0.3734375 0.553125 0.0625 0.0859375
1 0.36875 0.64453125 0.07421875 0.0859375
3 0.334375 0.7015625 0.0625 0.0859375
2 0.4515625 0.89453125 0.08203125 0.1015625