1 0.74375 0.515625 0.0703125 0.0859375
5 0.7328125 0.62890625 0.05859375 0.078125
2 0.703125 0.7046875 0.0625 0.0859375
0 0.69140625 0.5859375 0.05859375 0.078125
2 0.6171875 0.7890625 0.0703125 0.109375
4 0.553125 0.7796875 0.0859375 0.09375
3 0.5390625 0.66796875 0.0625 0.0859375
1 0.61875 0.6734375 0.0625 0.0859375
5 0.571875 0.6 0.0625 0.09375
2 0.59765625 0.54296875 0.0625 0.0859375
4 0.6546875 0.5234375 0.0546875 0.078125
4 0.6953125 0.43125 0.0703125 0.078125
2 0.70703125 0.3265625 0.0703125 0.08984375
4 0.6390625 0.275 0.0703125 0.08984375
2 0.58984375 0.19921875 0.07421875 0.1015625
3 0.56875 0.2984375 0.06640625 0.1015625
2 0.49375 0.27734375 0.0546875 0.08203125
0 0.51171875 0.3578125 0.07421875 0.09375
4 0.6078125 0.4671875 0.0625 0.078125
2 0.56875 0.41015625 0.0625 0.0859375
0 0.5171875 0.446875 0.0546875 0.0703125
1 0.5453125 0.5078125 0.0859375 0.1015625
3 0.484375 0.50390625 0.0703125 0.09375
5 0.49609375 0.59765625 0.0625 0.0859375
3 0.4359375 0.65625 0.05859375 0.0703125
1 0.43359375 0.56640625 0.0625 0.078125
2 0.4125 0.7359375 0.0625 0.08203125
1 0.34765625 0.63125 0.0625 0.0859375
2 0.3375 0.51171875 0.0703125 0.07421875
1 0.34765625 0.4375 0.0546875 0.08203125
2 0.4078125 0.428125 0.0625 0.0859375
2 0.4671875 0.415625 0.05859375 0.1015625
2 0.4 0.3453125 0.078125 0.1015625
5 0.34765625 0.31875 0.0625 0.08984375
5 0.3375 0.23046875 0.05859375 0.0703125
2 0.2984375 0.43125 0.05859375 0.0859375
5 0.28125 0.5796875 0.0703125 0.09765625