3 0.55859375 0.1875 0.078125 0.1171875
5 0.69921875 0.30078125 0.078125 0.09375
0 0.74609375 0.478125 0.07421875 0.09765625
4 0.6484375 0.4453125 0.0703125 0.09375
3 0.6875 0.5875 0.0703125 0.0703125
3 0.7515625 0.6484375 0.0625 0.0703125
0 0.68359375 0.725 0.07421875 0.09375
3 0.56640625 0.759375 0.078125 0.09375
0 0.55859375 0.6078125 0.0859375 0.109375
4 0.4078125 0.66015625 0.07421875 0.10546875
1 0.3765625 0.74375 0.0625 0.1171875
1 0.31875 0.55859375 0.08203125 0.109375
4 0.3203125 0.396875 0.0625 0.1015625