4 0.41796875 0.296875 0.0546875 0.06640625
3 0.3578125 0.3609375 0.0546875 0.05859375
1 0.328125 0.52734375 0.046875 0.06640625
1 0.35546875 0.59765625 0.046875 0.0703125
1 0.2890625 0.5484375 0.046875 0.078125
2 0.2171875 0.5390625 0.0546875 0.0703125
2 0.290625 0.76171875 0.04296875 0.07421875
4 0.3453125 0.79296875 0.0546875 0.078125
4 0.4203125 0.75390625 0.05859375 0.0703125
3 0.5484375 0.49609375 0.0625 0.06640625
4 0.053125 0.4828125 0.03125 0.05859375
2 0.0171875 0.5109375 0.034375 0.0625
5 0.01953125 0.928125 0.0390625 0.05859375
2 0.0953125 0.98046875 0.05078125 0.0390625