0 0.7875 0.36875 0.09765625 0.07421875
0 0.5484375 0.35 0.1015625 0.0703125
2 0.6171875 0.4125 0.125 0.0859375
2 0.49609375 0.40625 0.125 0.0859375
4 0.7125 0.46875 0.10546875 0.0703125
4 0.609375 0.48046875 0.0859375 0.05859375
0 0.55859375 0.546875 0.09375 0.078125
5 0.4671875 0.5765625 0.09375 0.0625
3 0.1640625 0.478125 0.1015625 0.078125
0 0.06875 0.4671875 0.09375 0.0859375
3 0.1625 0.5453125 0.109375 0.078125
5 0.7125 0.6171875 0.09375 0.06640625
3 0.5296875 0.703125 0.09765625 0.0703125
3 0.2578125 0.671875 0.10546875 0.078125