5 0.4828125 0.13125 0.0703125 0.05859375
1 0.5484375 0.140625 0.078125 0.046875
4 0.58984375 0.171875 0.0859375 0.0546875
2 0.640625 0.1859375 0.0703125 0.06640625
5 0.2671875 0.49375 0.078125 0.0625
2 0.33203125 0.48046875 0.0859375 0.06640625
5 0.4140625 0.4703125 0.08203125 0.0703125
5 0.3734375 0.4375 0.078125 0.0625
1 0.31640625 0.41796875 0.078125 0.06640625
2 0.2515625 0.40625 0.09765625 0.05859375
2 0.228125 0.334375 0.0703125 0.078125
2 0.3453125 0.37109375 0.0703125 0.05859375
1 0.30078125 0.3375 0.0703125 0.0625
2 0.4 0.38671875 0.09765625 0.0703125
2 0.5640625 0.3890625 0.0859375 0.06640625
0 0.525 0.35546875 0.08984375 0.0703125
0 0.478125 0.3359375 0.078125 0.06640625
1 0.44375 0.303125 0.078125 0.06640625
5 0.4078125 0.25 0.0625 0.0546875
2 0.34375 0.2109375 0.0859375 0.0625
3 0.34375 0.25 0.0703125 0.0546875
2 0.3890625 0.3203125 0.08203125 0.05859375
3 0.3375 0.2984375 0.0859375 0.0703125
4 0.27734375 0.24375 0.0859375 0.0546875
5 0.225 0.27734375 0.0859375 0.046875
2 0.46484375 0.2484375 0.078125 0.05078125
2 0.50625 0.2890625 0.0703125 0.05859375
3 0.571875 0.2890625 0.08984375 0.0703125
2 0.6265625 0.25390625 0.078125 0.078125
4 0.578125 0.22265625 0.0859375 0.0625
4 0.53515625 0.196875 0.0859375 0.0546875
2 0.4296875 0.1578125 0.09375 0.06640625
4 0.4625 0.20703125 0.0625 0.046875
1 0.415625 0.2125 0.0625 0.046875