3 0.3671875 0.3125 0.0859375 0.0703125
0 0.47265625 0.31640625 0.08203125 0.06640625
3 0.4046875 0.36328125 0.08203125 0.08203125
0 0.27734375 0.38671875 0.09765625 0.07421875
4 0.365625 0.4453125 0.09765625 0.0859375
5 0.2015625 0.49375 0.125 0.08984375
3 0.28515625 0.65234375 0.10546875 0.0859375
4 0.75 0.65 0.1171875 0.08203125
1 0.80625 0.55859375 0.125 0.0859375
0 0.5609375 0.415625 0.08984375 0.08203125
3 0.6078125 0.3515625 0.09765625 0.07421875
1 0.8203125 0.4515625 0.10546875 0.08984375
4 0.7359375 0.46484375 0.09375 0.07421875