2 0.3890625 0.4203125 0.0625 0.046875
0 0.475 0.44375 0.0625 0.046875
3 0.41015625 0.484375 0.0625 0.046875
3 0.61328125 0.4625 0.0625 0.04296875
2 0.578125 0.271875 0.0625 0.0546875
5 0.353125 0.2671875 0.0625 0.05078125
0 0.34765625 0.59765625 0.0625 0.05078125
0 0.4046875 0.85 0.05859375 0.05078125
4 0.4609375 0.821875 0.06640625 0.04296875
1 0.584375 0.8265625 0.0625 0.03125
2 0.5453125 0.8515625 0.0703125 0.0546875
0 0.66796875 0.8515625 0.06640625 0.05859375
3 0.709375 0.875 0.0625 0.04296875
5 0.3578125 0.9296875 0.0546875 0.05078125
4 0.0546875 0.803125 0.0703125 0.046875
2 0.040625 0.7328125 0.05859375 0.046875