0 0.978125 0.25390625 0.0390625 0.046875
4 0.78515625 0.365625 0.046875 0.05078125
0 0.7578125 0.30859375 0.046875 0.0625
5 0.6875 0.275 0.046875 0.0625
4 0.6078125 0.32421875 0.046875 0.0625
1 0.55859375 0.2640625 0.046875 0.05859375
2 0.609375 0.46484375 0.046875 0.0625
2 0.5625 0.6171875 0.04296875 0.0703125
2 0.51171875 0.4921875 0.046875 0.0625
4 0.459375 0.4515625 0.046875 0.0546875
2 0.4546875 0.359375 0.05078125 0.0625
2 0.7578125 0.4453125 0.05078125 0.0546875
1 0.7890625 0.4765625 0.046875 0.0625
0 0.75625 0.55859375 0.0546875 0.0546875
3 0.7421875 0.6015625 0.0546875 0.0546875