3 0.30859375 0.25390625 0.09375 0.07421875
4 0.259375 0.290625 0.078125 0.0546875
3 0.2109375 0.30625 0.0859375 0.05078125
4 0.22265625 0.359375 0.0859375 0.0546875
5 0.290625 0.34765625 0.09375 0.06640625
3 0.15234375 0.3921875 0.078125 0.046875
4 0.15234375 0.4375 0.09375 0.046875
5 0.17578125 0.515625 0.078125 0.0625
3 0.2484375 0.6328125 0.09375 0.0703125
5 0.2359375 0.521875 0.078125 0.0546875
1 0.2484375 0.453125 0.0703125 0.0546875
2 0.3046875 0.43125 0.08984375 0.05859375
4 0.28515625 0.49609375 0.09765625 0.0625
5 0.2671875 0.5625 0.078125 0.046875
5 0.32421875 0.578125 0.08203125 0.0625
1 0.3828125 0.65 0.1015625 0.0625
2 0.475 0.6890625 0.109375 0.06640625
3 0.37109375 0.4609375 0.1015625 0.06640625
4 0.4078125 0.53125 0.0859375 0.06640625
3 0.46484375 0.478125 0.09375 0.0625
2 0.490625 0.58984375 0.09375 0.0703125
2 0.3984375 0.5921875 0.078125 0.0546875
5 0.634375 0.56875 0.1015625 0.078125
5 0.521875 0.52734375 0.109375 0.0625
5 0.5375 0.4359375 0.1015625 0.0703125
2 0.740625 0.43359375 0.10546875 0.08203125
4 0.5484375 0.31875 0.10546875 0.0625
1 0.49375 0.3609375 0.1015625 0.0703125
3 0.4140625 0.38125 0.09765625 0.0546875
5 0.41015625 0.31640625 0.09765625 0.0703125
0 0.4546875 0.24375 0.1015625 0.078125
1 0.421875 0.19140625 0.1015625 0.078125