3 0.2734375 0.2984375 0.09765625 0.07421875
2 0.3578125 0.31640625 0.09765625 0.07421875
4 0.6078125 0.24609375 0.0703125 0.05859375
3 0.62890625 0.2890625 0.109375 0.0546875
3 0.73828125 0.3125 0.09375 0.06640625
3 0.853125 0.3734375 0.09765625 0.0625
0 0.8578125 0.42578125 0.09765625 0.07421875
2 0.80625 0.490625 0.12109375 0.08984375
2 0.678125 0.60546875 0.11328125 0.08984375
2 0.5703125 0.6 0.125 0.0859375
1 0.51953125 0.5390625 0.109375 0.0859375
3 0.53125 0.478125 0.09375 0.07421875
3 0.62109375 0.459375 0.09765625 0.07421875
2 0.5453125 0.4125 0.08984375 0.078125
5 0.57421875 0.3671875 0.08984375 0.08203125
2 0.459375 0.390625 0.08984375 0.078125
3 0.33203125 0.4390625 0.10546875 0.07421875
2 0.3921875 0.5234375 0.09765625 0.078125
4 0.296875 0.584375 0.12109375 0.0859375
0 0.21484375 0.53515625 0.10546875 0.0859375
5 0.30078125 0.49375 0.12890625 0.0859375
4 0.22265625 0.4203125 0.09375 0.07421875
5 0.24375 0.3671875 0.0859375 0.0703125
3 0.146875 0.415625 0.0859375 0.07421875