2 0.21484375 0.5546875 0.07421875 0.0546875
2 0.2515625 0.6015625 0.08203125 0.0546875
0 0.29296875 0.703125 0.07421875 0.0625
3 0.34765625 0.7109375 0.0859375 0.078125
0 0.4359375 0.69375 0.078125 0.0625
4 0.4921875 0.7359375 0.0859375 0.078125
5 0.5546875 0.765625 0.0703125 0.0546875
1 0.56875 0.709375 0.09375 0.06640625
3 0.5875 0.56875 0.078125 0.0703125
3 0.70703125 0.6484375 0.1171875 0.0703125
1 0.771875 0.58203125 0.125 0.0859375
3 0.6703125 0.571875 0.109375 0.078125
4 0.62890625 0.49609375 0.09765625 0.0859375
3 0.6734375 0.43125 0.109375 0.08203125
0 0.75390625 0.49609375 0.11328125 0.0859375
3 0.515625 0.525 0.08984375 0.0625
0 0.4 0.578125 0.0859375 0.05078125
1 0.3359375 0.521875 0.0703125 0.05859375
5 0.390625 0.490625 0.0859375 0.0625
5 0.3296875 0.4546875 0.07421875 0.046875
1 0.228125 0.4046875 0.078125 0.046875
0 0.2671875 0.353125 0.08984375 0.078125
2 0.3515625 0.39453125 0.09375 0.0625
1 0.4296875 0.3828125 0.0859375 0.0625
0 0.50390625 0.38671875 0.109375 0.08203125
0 0.46875 0.45703125 0.10546875 0.0625
4 0.5453125 0.4625 0.1171875 0.0703125
4 0.59375 0.3109375 0.1171875 0.078125
2 0.50390625 0.30859375 0.1015625 0.06640625
0 0.334375 0.2796875 0.09375 0.0703125