0 0.68125 0.47265625 0.05859375 0.078125
0 0.6546875 0.4296875 0.0625 0.09375
5 0.5859375 0.38671875 0.05859375 0.09375
0 0.5765625 0.4609375 0.05859375 0.078125
0 0.54296875 0.2984375 0.0546875 0.0703125
2 0.553125 0.2171875 0.0546875 0.0703125
0 0.52734375 0.42578125 0.05859375 0.078125
1 0.5484375 0.5234375 0.05859375 0.078125
5 0.62109375 0.553125 0.0546875 0.0703125
4 0.6265625 0.65 0.05859375 0.0859375
3 0.5796875 0.69921875 0.0546875 0.0703125
2 0.5796875 0.603125 0.0625 0.07421875
5 0.52734375 0.7640625 0.0546875 0.0703125
2 0.50625 0.7046875 0.0625 0.08203125
3 0.5171875 0.63671875 0.0546875 0.09375
4 0.4828125 0.540625 0.06640625 0.08984375
5 0.53515625 0.58984375 0.0546875 0.0703125
2 0.45703125 0.3765625 0.0625 0.0859375
0 0.459375 0.2984375 0.05859375 0.09375
4 0.415625 0.4234375 0.05859375 0.08984375
2 0.4515625 0.490625 0.05859375 0.0859375
0 0.4390625 0.578125 0.0625 0.0703125
4 0.4359375 0.6484375 0.0546875 0.08203125
0 0.46484375 0.759375 0.07421875 0.078125
1 0.4625 0.828125 0.0546875 0.09375
4 0.41796875 0.7875 0.0546875 0.0859375
4 0.3765625 0.74375 0.0546875 0.08203125
0 0.365625 0.6234375 0.0546875 0.08203125
2 0.3203125 0.540625 0.0625 0.09375
5 0.2671875 0.63671875 0.0703125 0.08203125
5 0.28125 0.484375 0.0625 0.0625
1 0.34375 0.40234375 0.0625 0.078125
0 0.290625 0.4203125 0.0625 0.0859375
5 0.303125 0.3421875 0.0546875 0.08984375
2 0.36875 0.3453125 0.0703125 0.078125
4 0.359375 0.27734375 0.0625 0.09375