5 0.13125 0.4828125 0.05859375 0.0703125
1 0.140625 0.5484375 0.046875 0.078125
4 0.171875 0.58984375 0.0546875 0.0859375
2 0.1859375 0.640625 0.06640625 0.0703125
5 0.49375 0.2671875 0.0625 0.078125
2 0.48046875 0.33203125 0.06640625 0.0859375
5 0.4703125 0.4140625 0.0703125 0.08203125
5 0.4375 0.3734375 0.0625 0.078125
1 0.41796875 0.31640625 0.06640625 0.078125
2 0.40625 0.2515625 0.05859375 0.09765625
2 0.334375 0.228125 0.078125 0.0703125
2 0.37109375 0.3453125 0.05859375 0.0703125
1 0.3375 0.30078125 0.0625 0.0703125
2 0.38671875 0.4 0.0703125 0.09765625
2 0.3890625 0.5640625 0.06640625 0.0859375
0 0.35546875 0.525 0.0703125 0.08984375
0 0.3359375 0.478125 0.06640625 0.078125
1 0.303125 0.44375 0.06640625 0.078125
5 0.25 0.4078125 0.0546875 0.0625
2 0.2109375 0.34375 0.0625 0.0859375
3 0.25 0.34375 0.0546875 0.0703125
2 0.3203125 0.3890625 0.05859375 0.08203125
3 0.2984375 0.3375 0.0703125 0.0859375
4 0.24375 0.27734375 0.0546875 0.0859375
5 0.27734375 0.225 0.046875 0.0859375
2 0.2484375 0.46484375 0.05078125 0.078125
2 0.2890625 0.50625 0.05859375 0.0703125
3 0.2890625 0.571875 0.0703125 0.08984375
2 0.25390625 0.6265625 0.078125 0.078125
4 0.22265625 0.578125 0.0625 0.0859375
4 0.196875 0.53515625 0.0546875 0.0859375
2 0.1578125 0.4296875 0.06640625 0.09375
4 0.20703125 0.4625 0.046875 0.0625
1 0.2125 0.415625 0.046875 0.0625