1 0.546875 0.2015625 0.05078125 0.078125
0 0.6 0.24609375 0.07421875 0.08984375
0 0.6859375 0.30625 0.07421875 0.1015625
2 0.5703125 0.36328125 0.0625 0.09765625
5 0.5078125 0.353125 0.046875 0.07421875
1 0.4453125 0.38125 0.0546875 0.07421875
2 0.3359375 0.2796875 0.0625 0.0703125
2 0.37890625 0.2171875 0.0546875 0.07421875
0 0.2515625 0.37109375 0.0703125 0.0859375
3 0.259375 0.44140625 0.0703125 0.08984375
0 0.2984375 0.53125 0.06640625 0.07421875
4 0.27734375 0.609375 0.06640625 0.0859375
5 0.26953125 0.68125 0.05078125 0.08203125
1 0.3203125 0.665625 0.05859375 0.07421875
3 0.4125 0.7953125 0.06640625 0.09765625
3 0.45703125 0.66796875 0.0625 0.078125
3 0.46484375 0.74609375 0.0625 0.08984375
1 0.478125 0.8296875 0.0625 0.10546875
4 0.5171875 0.69140625 0.07421875 0.08984375
0 0.53515625 0.80078125 0.06640625 0.09765625
3 0.5875 0.71875 0.06640625 0.0859375
4 0.54296875 0.5953125 0.06640625 0.09765625
3 0.478125 0.5859375 0.046875 0.0859375
0 0.4078125 0.46484375 0.05859375 0.08203125
5 0.4859375 0.4390625 0.0625 0.1015625
3 0.5328125 0.51171875 0.07421875 0.10546875
1 0.5921875 0.4515625 0.0625 0.078125
2 0.665625 0.51171875 0.0625 0.08203125
0 0.603125 0.5390625 0.06640625 0.09765625
4 0.6734375 0.60546875 0.06640625 0.08203125