4 0.13125 0.5078125 0.109375 0.07421875
3 0.321875 0.421875 0.10546875 0.078125
4 0.44140625 0.28125 0.09375 0.078125
1 0.48046875 0.22265625 0.1015625 0.078125
4 0.72265625 0.30859375 0.109375 0.08203125
4 0.5703125 0.390625 0.09765625 0.0703125
3 0.678125 0.50390625 0.12109375 0.08203125
3 0.8671875 0.4609375 0.1015625 0.0625
4 0.85 0.5453125 0.09765625 0.078125
4 0.74375 0.6078125 0.109375 0.0703125
5 0.6484375 0.703125 0.109375 0.08203125
3 0.30078125 0.6328125 0.10546875 0.0859375
1 0.19921875 0.64453125 0.1015625 0.07421875