2 0.603125 0.7640625 0.046875 0.0703125
4 0.55078125 0.74609375 0.046875 0.0625
2 0.53515625 0.6625 0.05859375 0.0703125
2 0.459375 0.5484375 0.0546875 0.078125
2 0.5703125 0.5296875 0.0546875 0.078125
4 0.6578125 0.5640625 0.0546875 0.0546875
1 0.6796875 0.646875 0.05078125 0.0703125
5 0.703125 0.4765625 0.046875 0.0625
0 0.696875 0.36875 0.046875 0.05078125
2 0.62109375 0.3296875 0.05078125 0.0625
4 0.6734375 0.321875 0.04296875 0.05078125
1 0.6109375 0.271875 0.04296875 0.0625
0 0.553125 0.28515625 0.04296875 0.078125
3 0.5140625 0.2875 0.0546875 0.0703125
1 0.915625 0.484375 0.0390625 0.046875
1 0.94140625 0.4625 0.0390625 0.0390625
1 0.9375 0.41015625 0.0390625 0.05859375
2 0.953125 0.33203125 0.0390625 0.04296875
4 0.984375 0.6 0.03125 0.05078125
3 0.9296875 0.69921875 0.03515625 0.03515625
3 0.978125 0.540625 0.04296875 0.05078125