1 0.8140625 0.5140625 0.07421875 0.0859375
3 0.78515625 0.4390625 0.0703125 0.09375
5 0.709375 0.290625 0.0703125 0.0859375
3 0.6796875 0.22265625 0.05859375 0.0859375
0 0.6703125 0.3421875 0.0625 0.0859375
1 0.6265625 0.3125 0.0703125 0.09765625
5 0.48046875 0.3109375 0.07421875 0.1015625
4 0.4390625 0.21875 0.0625 0.1015625
3 0.36875 0.321875 0.0625 0.078125
0 0.34375 0.3734375 0.0703125 0.09375
4 0.3203125 0.446875 0.0625 0.0859375
3 0.41796875 0.44140625 0.06640625 0.0859375
0 0.4828125 0.515625 0.078125 0.109375
3 0.521875 0.43125 0.0703125 0.07421875
2 0.5640625 0.4625 0.0703125 0.1015625
1 0.6171875 0.4921875 0.0703125 0.0859375
0 0.5546875 0.5453125 0.0703125 0.0859375
1 0.7671875 0.703125 0.0703125 0.06640625
5 0.76953125 0.62109375 0.078125 0.09375
2 0.728125 0.56640625 0.0703125 0.0859375
5 0.68125 0.546875 0.0625 0.09765625
4 0.62890625 0.61875 0.06640625 0.09375
2 0.6796875 0.6875 0.0625 0.0703125
5 0.7125 0.80625 0.0625 0.078125
3 0.6640625 0.7578125 0.05859375 0.0859375
1 0.665625 0.86875 0.0703125 0.09375
3 0.46484375 0.8453125 0.06640625 0.0703125
2 0.5875 0.709375 0.0625 0.08984375
4 0.525 0.69375 0.06640625 0.0703125
1 0.5453125 0.6234375 0.0625 0.0703125
1 0.48828125 0.62109375 0.0703125 0.07421875
2 0.415625 0.6734375 0.0703125 0.078125
4 0.453125 0.74375 0.06640625 0.0859375
1 0.375 0.74609375 0.0703125 0.09375
2 0.3265625 0.69140625 0.0859375 0.1015625
1 0.2953125 0.63125 0.0703125 0.0859375
1 0.290625 0.5609375 0.078125 0.078125
3 0.38125 0.8421875 0.078125 0.09375