5 0.521875 0.30859375 0.06640625 0.0625
0 0.45703125 0.321875 0.0703125 0.0546875
5 0.4203125 0.390625 0.09765625 0.0703125
0 0.365625 0.4703125 0.08203125 0.05859375
1 0.4859375 0.5140625 0.0859375 0.0625
1 0.671875 0.5640625 0.09765625 0.0859375
0 0.68125 0.4390625 0.09765625 0.078125
3 0.64453125 0.3375 0.07421875 0.0625
5 0.5765625 0.33984375 0.06640625 0.0546875
4 0.41015625 0.55078125 0.078125 0.06640625
2 0.19921875 0.59765625 0.08984375 0.07421875
1 0.375 0.73828125 0.08984375 0.0703125
0 0.50625 0.72265625 0.078125 0.0703125