0 0.4546875 0.44921875 0.0625 0.08984375
2 0.4984375 0.4921875 0.0703125 0.10546875
3 0.55859375 0.46875 0.0625 0.08984375
5 0.51171875 0.58203125 0.0703125 0.09765625
3 0.36328125 0.76171875 0.0859375 0.12109375
1 0.578125 0.728125 0.078125 0.10546875
2 0.6796875 0.5609375 0.0703125 0.09375
4 0.6234375 0.4609375 0.0625 0.11328125
4 0.74375 0.4671875 0.0625 0.0859375
4 0.7125 0.41015625 0.07421875 0.1171875
0 0.65 0.353125 0.06640625 0.0859375
3 0.62890625 0.29296875 0.046875 0.06640625
3 0.66015625 0.25625 0.046875 0.08984375
3 0.603125 0.2484375 0.0546875 0.08984375