2 0.49609375 0.30625 0.0625 0.0546875
3 0.41796875 0.484375 0.0625 0.04296875
0 0.525 0.4921875 0.06640625 0.04296875
0 0.578125 0.67578125 0.0703125 0.05078125
3 0.56640625 0.5453125 0.0703125 0.046875
2 0.6078125 0.484375 0.0703125 0.05078125
5 0.6953125 0.328125 0.078125 0.05859375
3 0.25625 0.7953125 0.0390625 0.03125
0 0.290625 0.796875 0.0546875 0.03515625
2 0.3578125 0.8359375 0.046875 0.0390625
4 0.415625 0.84375 0.0390625 0.0390625
2 0.3109375 0.95703125 0.0625 0.05078125
2 0.21484375 0.9359375 0.0546875 0.046875
3 0.4453125 0.97265625 0.0390625 0.0390625
2 0.8296875 0.9453125 0.08984375 0.06640625