0 0.52734375 0.31875 0.078125 0.05859375
0 0.5703125 0.3453125 0.09375 0.0625
5 0.61328125 0.4140625 0.09375 0.05859375
0 0.5390625 0.4234375 0.078125 0.05859375
0 0.7015625 0.45703125 0.07421875 0.05859375
2 0.7828125 0.446875 0.07421875 0.05859375
0 0.57421875 0.47265625 0.078125 0.05859375
1 0.4765625 0.4515625 0.078125 0.05859375
5 0.446875 0.37890625 0.0703125 0.05859375
4 0.35 0.3734375 0.08984375 0.05859375
3 0.30078125 0.4203125 0.0703125 0.0546875
2 0.396875 0.4203125 0.07421875 0.06640625
5 0.2359375 0.47265625 0.07421875 0.0546875
2 0.2953125 0.49375 0.08203125 0.0625
3 0.36328125 0.4828125 0.09375 0.0546875
4 0.459375 0.5171875 0.08984375 0.06640625
5 0.41015625 0.46484375 0.0703125 0.0546875
2 0.6234375 0.54296875 0.0859375 0.0625
0 0.7015625 0.540625 0.09765625 0.05859375
4 0.5765625 0.584375 0.08984375 0.05859375
2 0.509375 0.5484375 0.0859375 0.05859375
0 0.421875 0.5609375 0.07421875 0.0625
4 0.3515625 0.5640625 0.08203125 0.0546875
0 0.240625 0.53515625 0.078125 0.07421875
1 0.171875 0.5375 0.09375 0.05859375
4 0.2125 0.58203125 0.08984375 0.05859375
4 0.25625 0.6234375 0.08203125 0.0546875
0 0.3765625 0.634375 0.08203125 0.05859375
2 0.459375 0.6796875 0.09765625 0.0625
5 0.36328125 0.7328125 0.08203125 0.0703125
5 0.515625 0.71875 0.0625 0.0625
1 0.59765625 0.65625 0.08203125 0.0625
0 0.5796875 0.709375 0.08984375 0.06640625
5 0.6578125 0.696875 0.08984375 0.05859375
2 0.6546875 0.63125 0.078125 0.0703125
4 0.72265625 0.640625 0.09375 0.0625