2 0.50390625 0.69375 0.0625 0.0546875
3 0.58203125 0.515625 0.0625 0.04296875
0 0.475 0.5078125 0.06640625 0.04296875
0 0.421875 0.32421875 0.0703125 0.05078125
3 0.43359375 0.4546875 0.0703125 0.046875
2 0.3921875 0.515625 0.0703125 0.05078125
5 0.3046875 0.671875 0.078125 0.05859375
3 0.74375 0.2046875 0.0390625 0.03125
0 0.709375 0.203125 0.0546875 0.03125
2 0.6421875 0.1640625 0.046875 0.0390625
4 0.584375 0.15625 0.0390625 0.0390625
2 0.6890625 0.04296875 0.0625 0.05078125
2 0.78515625 0.0640625 0.05859375 0.046875
3 0.5546875 0.02734375 0.0390625 0.0390625
2 0.1703125 0.0546875 0.0859375 0.06640625