4 0.86328125 0.525 0.125 0.09375
0 0.7828125 0.29296875 0.12109375 0.08984375
1 0.5296875 0.196875 0.1015625 0.08203125
0 0.459375 0.26171875 0.1015625 0.0859375
3 0.321875 0.240625 0.1015625 0.078125
0 0.24375 0.33984375 0.10546875 0.0859375
3 0.13671875 0.4046875 0.10546875 0.0703125
4 0.1328125 0.4703125 0.1015625 0.0703125
5 0.259375 0.6234375 0.0859375 0.078125
0 0.35546875 0.4984375 0.11328125 0.078125
4 0.421875 0.5703125 0.09375 0.0703125
2 0.5609375 0.609375 0.08984375 0.0625
5 0.6890625 0.55078125 0.09765625 0.0625
2 0.640625 0.703125 0.10546875 0.0859375
1 0.50625 0.6578125 0.09375 0.078125