1 0.34375 0.28515625 0.109375 0.0859375
5 0.59765625 0.1796875 0.09375 0.07421875
5 0.5390625 0.2359375 0.1015625 0.078125
5 0.46484375 0.2734375 0.10546875 0.08203125
4 0.7109375 0.24375 0.09765625 0.0859375
2 0.771875 0.478125 0.12109375 0.0859375
5 0.859375 0.57421875 0.1015625 0.0625
2 0.76953125 0.62109375 0.1015625 0.0703125
5 0.7171875 0.68125 0.09375 0.0859375
3 0.59765625 0.6734375 0.09765625 0.0703125
1 0.546875 0.7421875 0.09765625 0.078125
5 0.4296875 0.71875 0.09375 0.078125
1 0.2734375 0.45703125 0.1171875 0.0859375
5 0.3296875 0.36328125 0.109375 0.08203125
3 0.2171875 0.359375 0.1171875 0.0859375