0 0.334375 0.31640625 0.0546875 0.078125
5 0.4078125 0.2875 0.06640625 0.0859375
3 0.42578125 0.19921875 0.0546875 0.0703125
2 0.46875 0.31640625 0.05859375 0.0859375
0 0.615625 0.3765625 0.0546875 0.078125
5 0.53515625 0.5234375 0.0625 0.08203125
4 0.61328125 0.5859375 0.0703125 0.0859375
4 0.415625 0.51171875 0.0625 0.078125
1 0.31875 0.61328125 0.0703125 0.0859375
0 0.3828125 0.6078125 0.06640625 0.09375
2 0.44140625 0.59375 0.0703125 0.078125
0 0.484375 0.61875 0.0625 0.078125
2 0.4546875 0.68359375 0.0625 0.078125
5 0.38671875 0.7515625 0.0625 0.08984375
0 0.5015625 0.7734375 0.0625 0.0859375
0 0.553125 0.790625 0.0625 0.09375
0 0.6015625 0.7515625 0.06640625 0.09375
1 0.553125 0.7109375 0.0546875 0.09375