0 0.834375 0.5171875 0.1015625 0.078125
3 0.828125 0.6 0.10546875 0.0703125
4 0.76171875 0.73046875 0.1015625 0.07421875
3 0.5796875 0.5640625 0.09375 0.06640625
4 0.646875 0.4359375 0.09765625 0.0703125
2 0.7359375 0.490625 0.1015625 0.0703125
0 0.5796875 0.3890625 0.12109375 0.07421875
4 0.4140625 0.4703125 0.1171875 0.07421875
3 0.4390625 0.5953125 0.10546875 0.0703125
1 0.54296875 0.71484375 0.1015625 0.0703125
4 0.3609375 0.7421875 0.11328125 0.08203125
1 0.20703125 0.6421875 0.109375 0.07421875