3 0.359375 0.2171875 0.11328125 0.1015625
2 0.5609375 0.2515625 0.11328125 0.0859375
2 0.71875 0.303125 0.11328125 0.078125
5 0.84375 0.46875 0.10546875 0.0859375
2 0.7421875 0.48046875 0.1171875 0.0859375
3 0.87890625 0.53515625 0.125 0.08984375
5 0.8265625 0.6171875 0.12890625 0.08984375
2 0.728125 0.58203125 0.13671875 0.09765625
4 0.7265625 0.665625 0.109375 0.0859375
5 0.571875 0.6734375 0.12890625 0.10546875
2 0.5640625 0.77734375 0.11328125 0.09375
2 0.603125 0.55078125 0.12109375 0.09375
2 0.49375 0.52734375 0.1171875 0.08984375
0 0.3765625 0.4609375 0.109375 0.078125
3 0.48828125 0.4203125 0.10546875 0.08984375
4 0.56640625 0.3515625 0.09765625 0.08203125
0 0.3671875 0.390625 0.10546875 0.08203125
2 0.18125 0.4125 0.11328125 0.078125
0 0.1234375 0.52734375 0.11328125 0.08203125
3 0.21875 0.584375 0.1328125 0.0859375
5 0.19921875 0.7109375 0.13671875 0.09375
3 0.390625 0.74375 0.1171875 0.08984375
2 0.41796875 0.640625 0.1015625 0.08984375
4 0.37890625 0.5390625 0.1015625 0.0859375