3 0.6875 0.6328125 0.0703125 0.0859375
0 0.68359375 0.52734375 0.0625 0.08203125
3 0.63671875 0.5953125 0.078125 0.078125
0 0.61328125 0.72265625 0.0703125 0.09765625
4 0.5546875 0.634375 0.0859375 0.09375
5 0.50625 0.7984375 0.0859375 0.125
3 0.34765625 0.71484375 0.0859375 0.10546875
4 0.35 0.25 0.08203125 0.1171875
1 0.44140625 0.19375 0.0859375 0.125
0 0.584375 0.4390625 0.078125 0.0859375
3 0.6484375 0.3921875 0.0703125 0.09375
1 0.5484375 0.1796875 0.0859375 0.1015625
4 0.53515625 0.2640625 0.07421875 0.09375