1 0.271875 0.3671875 0.08203125 0.0703125
3 0.35546875 0.37109375 0.0859375 0.078125
5 0.65625 0.3203125 0.09765625 0.06640625
4 0.75 0.3984375 0.09765625 0.0625
3 0.69375 0.4859375 0.08984375 0.0703125
4 0.8515625 0.4515625 0.10546875 0.07421875
3 0.884375 0.53515625 0.10546875 0.0625
4 0.584375 0.58984375 0.09375 0.078125
4 0.75 0.6890625 0.1015625 0.07421875
4 0.446875 0.709375 0.1015625 0.07421875
3 0.35 0.55859375 0.09375 0.078125
4 0.1890625 0.478125 0.09375 0.06640625
1 0.490625 0.775 0.09765625 0.07421875