1 0.515625 0.25625 0.0859375 0.07421875
5 0.62890625 0.2671875 0.078125 0.05859375
2 0.7046875 0.296875 0.08984375 0.0625
0 0.5859375 0.30859375 0.078125 0.05859375
2 0.7890625 0.3828125 0.11328125 0.07421875
4 0.7796875 0.446875 0.09765625 0.0859375
3 0.66796875 0.4609375 0.0859375 0.06640625
1 0.6734375 0.38125 0.08984375 0.0625
5 0.6 0.428125 0.09375 0.0625
2 0.54296875 0.40234375 0.08984375 0.06640625
4 0.5234375 0.3453125 0.08203125 0.05859375
4 0.43125 0.3046875 0.08203125 0.0703125
2 0.3265625 0.29296875 0.08984375 0.07421875
4 0.275 0.3609375 0.08984375 0.0703125
2 0.19921875 0.41015625 0.1015625 0.07421875
3 0.2984375 0.43125 0.1015625 0.06640625
2 0.27734375 0.50625 0.08203125 0.05859375
0 0.3578125 0.48828125 0.09765625 0.07421875
4 0.4671875 0.3921875 0.08203125 0.06640625
2 0.41015625 0.43125 0.0859375 0.06640625
0 0.446875 0.4828125 0.0703125 0.0546875
1 0.5078125 0.4546875 0.1015625 0.0859375
3 0.50390625 0.515625 0.09375 0.0703125
5 0.59765625 0.50390625 0.08984375 0.06640625
3 0.65625 0.5640625 0.07421875 0.05859375
1 0.56640625 0.56640625 0.08203125 0.0625
2 0.7359375 0.5875 0.08203125 0.0625
1 0.63125 0.65234375 0.0859375 0.06640625
2 0.51171875 0.6625 0.07421875 0.0703125
1 0.4375 0.65234375 0.08203125 0.05859375
2 0.428125 0.5921875 0.08984375 0.0625
2 0.415625 0.5328125 0.1015625 0.05859375
2 0.3453125 0.6 0.1015625 0.078125
5 0.31875 0.65234375 0.08984375 0.0625
5 0.23046875 0.6625 0.0703125 0.05859375
2 0.43125 0.7015625 0.08984375 0.05859375
5 0.5796875 0.71875 0.09765625 0.0703125