2 0.2359375 0.396875 0.0703125 0.046875
4 0.25390625 0.44921875 0.0625 0.046875
2 0.3375 0.46484375 0.0703125 0.05859375
2 0.4515625 0.540625 0.078125 0.0546875
2 0.4703125 0.4296875 0.078125 0.0546875
4 0.4359375 0.3421875 0.05859375 0.0546875
1 0.353125 0.3203125 0.0703125 0.05078125
5 0.5234375 0.296875 0.0625 0.046875
0 0.63125 0.303125 0.05078125 0.05078125
2 0.6703125 0.37890625 0.06640625 0.05078125
4 0.678125 0.3265625 0.05078125 0.04296875
1 0.728125 0.3890625 0.06640625 0.04296875
0 0.71484375 0.446875 0.078125 0.04296875
3 0.7125 0.4859375 0.0703125 0.0546875
1 0.515625 0.084375 0.046875 0.0390625
1 0.5375 0.05859375 0.0390625 0.0390625
1 0.58984375 0.0625 0.05859375 0.0390625
2 0.66796875 0.046875 0.04296875 0.0390625
4 0.4 0.015625 0.05078125 0.03125
3 0.30078125 0.0703125 0.03515625 0.03515625
3 0.459375 0.021875 0.05078125 0.04296875