1 0.44921875 0.375 0.1171875 0.08984375
1 0.4765625 0.4453125 0.09765625 0.0703125
3 0.8140625 0.51953125 0.1171875 0.08203125
4 0.740625 0.5859375 0.1015625 0.07421875
1 0.63671875 0.61328125 0.1171875 0.07421875
4 0.790625 0.6484375 0.109375 0.05859375
4 0.73046875 0.69375 0.10546875 0.08984375
3 0.44921875 0.7265625 0.11328125 0.08203125
0 0.415625 0.59765625 0.11328125 0.08203125
1 0.37890625 0.51171875 0.09765625 0.078125
4 0.275 0.50390625 0.1171875 0.07421875
5 0.0875 0.47265625 0.12109375 0.0859375
5 0.23828125 0.615625 0.11328125 0.08203125
2 0.17578125 0.56875 0.1015625 0.07421875