5 0.5171875 0.13125 0.0703125 0.05859375
1 0.4515625 0.140625 0.078125 0.046875
4 0.41015625 0.171875 0.0859375 0.0546875
2 0.359375 0.1859375 0.07421875 0.06640625
5 0.7328125 0.49375 0.078125 0.0625
2 0.66796875 0.48046875 0.08984375 0.06640625
5 0.5859375 0.4703125 0.08203125 0.0703125
5 0.6265625 0.4375 0.08203125 0.06640625
1 0.68359375 0.41796875 0.078125 0.06640625
2 0.7484375 0.40625 0.09765625 0.05859375
2 0.771875 0.334375 0.07421875 0.078125
2 0.6546875 0.37109375 0.07421875 0.05859375
1 0.69921875 0.3375 0.0703125 0.06640625
2 0.6 0.38671875 0.09765625 0.0703125
2 0.4359375 0.3890625 0.0859375 0.06640625
0 0.475 0.35546875 0.08984375 0.0703125
0 0.521875 0.3359375 0.078125 0.06640625
1 0.55625 0.303125 0.08203125 0.06640625
5 0.5921875 0.25 0.0625 0.0546875
2 0.65625 0.2109375 0.0859375 0.06640625
3 0.65625 0.25 0.0703125 0.05859375
2 0.6109375 0.3203125 0.08203125 0.05859375
3 0.6625 0.2984375 0.08984375 0.0703125
4 0.72265625 0.24375 0.0859375 0.0546875
5 0.775 0.27734375 0.08984375 0.05078125
2 0.53515625 0.2484375 0.078125 0.05078125
2 0.49375 0.2890625 0.07421875 0.05859375
3 0.428125 0.2890625 0.08984375 0.07421875
2 0.3734375 0.25390625 0.078125 0.08203125
4 0.421875 0.22265625 0.0859375 0.06640625
4 0.46484375 0.196875 0.0859375 0.05859375
2 0.5703125 0.1578125 0.09765625 0.06640625
4 0.5375 0.20703125 0.0625 0.05078125
1 0.584375 0.2125 0.0625 0.046875