0 0.625 0.2578125 0.08984375 0.11328125
3 0.4828125 0.15625 0.08203125 0.125
3 0.5 0.35 0.078125 0.1015625
2 0.4296875 0.42578125 0.07421875 0.0859375
2 0.4671875 0.490625 0.078125 0.1015625
3 0.453125 0.6078125 0.0703125 0.1015625
2 0.47265625 0.78515625 0.0703125 0.0859375
0 0.40234375 0.81875 0.0703125 0.10546875
3 0.3359375 0.8140625 0.07421875 0.0859375
3 0.2671875 0.709375 0.07421875 0.109375
3 0.25 0.5921875 0.07421875 0.09375
4 0.18125 0.55078125 0.078125 0.0859375
2 0.2953125 0.33203125 0.078125 0.1171875
3 0.28515625 0.17578125 0.06640625 0.09765625
5 0.35546875 0.1796875 0.0859375 0.10546875
3 0.37890625 0.30859375 0.09375 0.11328125
5 0.33203125 0.5453125 0.078125 0.1171875
2 0.6265625 0.7203125 0.078125 0.1328125