3 0.3828125 0.2671875 0.09375 0.08203125
5 0.6 0.265625 0.09765625 0.08203125
4 0.69140625 0.28515625 0.1015625 0.06640625
5 0.7015625 0.34375 0.09375 0.07421875
5 0.634375 0.375 0.0859375 0.0703125
4 0.7203125 0.39453125 0.09765625 0.0625
1 0.796875 0.4390625 0.1015625 0.0625
0 0.8578125 0.4828125 0.09375 0.06640625
5 0.7578125 0.5296875 0.08984375 0.0703125
1 0.8125 0.5765625 0.09765625 0.0625
2 0.73046875 0.6625 0.09765625 0.0703125
5 0.40625 0.65625 0.0859375 0.06640625
4 0.5140625 0.5859375 0.109375 0.078125
4 0.6078125 0.53515625 0.07421875 0.0703125
0 0.5328125 0.5234375 0.0859375 0.0703125
3 0.4546875 0.525 0.08984375 0.06640625
4 0.5015625 0.478125 0.09765625 0.0703125
0 0.540625 0.42578125 0.08203125 0.0625
4 0.490625 0.390625 0.08203125 0.0625
5 0.43359375 0.44375 0.09765625 0.0625
4 0.3515625 0.46484375 0.08984375 0.0703125
2 0.271875 0.525 0.1015625 0.078125
1 0.35 0.40234375 0.08203125 0.07421875
5 0.4296875 0.35 0.0703125 0.06640625