4 0.42578125 0.2125 0.06640625 0.08984375
0 0.48828125 0.20703125 0.05859375 0.10546875
0 0.6328125 0.2171875 0.05859375 0.08984375
0 0.571875 0.37109375 0.05859375 0.08984375
5 0.62890625 0.40234375 0.078125 0.10546875
4 0.50390625 0.37890625 0.078125 0.12109375
0 0.55859375 0.4515625 0.078125 0.1171875
4 0.49375 0.50390625 0.0859375 0.11328125
4 0.490625 0.603125 0.078125 0.12890625
3 0.4078125 0.4984375 0.078125 0.109375
0 0.32421875 0.521875 0.0859375 0.1171875
1 0.3125 0.4390625 0.08203125 0.09765625
0 0.396875 0.396875 0.0859375 0.10546875
3 0.40625 0.2890625 0.07421875 0.11328125