3 0.7015625 0.2734375 0.07421875 0.09765625
2 0.68359375 0.3578125 0.0703125 0.09375
4 0.75390625 0.6078125 0.0546875 0.0703125
3 0.7109375 0.62890625 0.0546875 0.109375
3 0.6875 0.73828125 0.0625 0.09375
3 0.6265625 0.853125 0.0625 0.09765625
0 0.57421875 0.8578125 0.07421875 0.09375
2 0.509375 0.80625 0.0859375 0.1171875
2 0.39453125 0.678125 0.08984375 0.11328125
2 0.4 0.5703125 0.0859375 0.125
1 0.4609375 0.51953125 0.0859375 0.109375
3 0.521875 0.53125 0.0703125 0.09375
3 0.540625 0.62109375 0.07421875 0.09765625
2 0.5875 0.5453125 0.078125 0.0859375
5 0.6328125 0.57421875 0.08203125 0.08984375
2 0.609375 0.459375 0.078125 0.0859375
3 0.5609375 0.33203125 0.07421875 0.1015625
2 0.4765625 0.3921875 0.078125 0.09375
4 0.415625 0.296875 0.0859375 0.12109375
0 0.46484375 0.21484375 0.0859375 0.10546875
5 0.50625 0.30078125 0.0859375 0.12890625
4 0.5796875 0.22265625 0.0703125 0.09375
5 0.6328125 0.24375 0.0703125 0.0859375
3 0.584375 0.146875 0.0703125 0.0859375