4 0.475 0.13671875 0.09375 0.125
0 0.70703125 0.2171875 0.08984375 0.12109375
1 0.803125 0.4703125 0.08203125 0.10546875
0 0.73828125 0.540625 0.0859375 0.1015625
3 0.759375 0.678125 0.078125 0.1015625
0 0.66015625 0.75625 0.0859375 0.10546875
3 0.5953125 0.86328125 0.07421875 0.10546875
4 0.5296875 0.8671875 0.0703125 0.1015625
5 0.3765625 0.740625 0.078125 0.08984375
0 0.5015625 0.64453125 0.078125 0.11328125
4 0.4296875 0.578125 0.07421875 0.09375
2 0.390625 0.4390625 0.06640625 0.08984375
5 0.44921875 0.3109375 0.06640625 0.09765625
2 0.296875 0.359375 0.0859375 0.10546875
1 0.3421875 0.49375 0.08203125 0.09375