4 0.5546875 0.2484375 0.078125 0.0703125
3 0.58984375 0.3109375 0.08984375 0.06640625
3 0.6953125 0.334375 0.08203125 0.06640625
3 0.8046875 0.40625 0.08984375 0.06640625
0 0.7984375 0.4671875 0.10546875 0.06640625
2 0.7734375 0.54296875 0.09765625 0.06640625
2 0.69375 0.665625 0.08203125 0.0703125
2 0.609375 0.6625 0.078125 0.05859375
1 0.55859375 0.61328125 0.09375 0.06640625
3 0.5609375 0.553125 0.0703125 0.0625
3 0.6265625 0.521875 0.0703125 0.0546875
2 0.5484375 0.4828125 0.0859375 0.06640625
5 0.5609375 0.421875 0.0703125 0.05859375
2 0.47265625 0.4609375 0.078125 0.0703125
2 0.35 0.3828125 0.08203125 0.0703125
3 0.24609375 0.365625 0.08984375 0.0625
5 0.2640625 0.4609375 0.08203125 0.0625
4 0.275 0.52734375 0.078125 0.0546875
3 0.203125 0.5328125 0.09765625 0.0625
3 0.3765625 0.53515625 0.08203125 0.05859375
5 0.36875 0.58984375 0.08203125 0.0625
2 0.4515625 0.61875 0.09375 0.0546875
0 0.32421875 0.646875 0.0859375 0.0625
4 0.4140625 0.678125 0.08203125 0.0703125