3 0.40234375 0.75625 0.1015625 0.125
4 0.49609375 0.5953125 0.09765625 0.1328125
4 0.4921875 0.490625 0.125 0.12890625
5 0.5796875 0.4046875 0.109375 0.1640625
5 0.396875 0.30078125 0.1015625 0.1171875
2 0.359375 0.10546875 0.09375 0.125
4 0.28515625 0.171875 0.09765625 0.1171875
4 0.3140625 0.36328125 0.1015625 0.125
5 0.2421875 0.31640625 0.1015625 0.109375
1 0.22265625 0.4625 0.1015625 0.1171875
4 0.2328125 0.615625 0.09375 0.1015625
4 0.2359375 0.709375 0.09375 0.09765625
2 0.15625 0.7203125 0.09375 0.10546875