1 0.4546875 0.296875 0.08984375 0.07421875
2 0.55625 0.3203125 0.08984375 0.07421875
0 0.7265625 0.33203125 0.09375 0.06640625
5 0.7515625 0.3828125 0.1015625 0.08203125
5 0.646875 0.37109375 0.09765625 0.078125
3 0.47265625 0.38125 0.08984375 0.06640625
5 0.459375 0.4359375 0.11328125 0.07421875
1 0.48046875 0.50390625 0.1015625 0.1015625
5 0.584375 0.51953125 0.12109375 0.09765625
3 0.4921875 0.634375 0.1328125 0.11328125
2 0.640625 0.609375 0.13671875 0.11328125
3 0.85 0.6484375 0.15625 0.1015625