3 0.1875 0.44140625 0.1171875 0.08203125
5 0.30078125 0.30078125 0.09375 0.078125
0 0.478125 0.25390625 0.09765625 0.07421875
4 0.4453125 0.3515625 0.09375 0.0703125
3 0.5875 0.3125 0.0703125 0.07421875
3 0.6484375 0.2484375 0.0703125 0.06640625
0 0.725 0.31640625 0.09375 0.07421875
3 0.759375 0.43359375 0.09375 0.078125
0 0.6078125 0.44140625 0.109375 0.0859375
4 0.66015625 0.5921875 0.10546875 0.07421875
1 0.74375 0.6234375 0.1171875 0.06640625
1 0.55859375 0.68125 0.109375 0.08203125
4 0.396875 0.6796875 0.1015625 0.0625