1 0.4234375 0.1890625 0.09765625 0.08984375
1 0.3921875 0.2515625 0.1015625 0.078125
5 0.453125 0.30859375 0.09765625 0.06640625
3 0.5640625 0.23046875 0.08984375 0.078125
4 0.646875 0.2578125 0.0859375 0.06640625
3 0.7265625 0.265625 0.0859375 0.0546875
5 0.6 0.3296875 0.09375 0.07421875
4 0.6953125 0.328125 0.09375 0.07421875
3 0.8109375 0.36328125 0.09765625 0.0546875
4 0.81875 0.4125 0.08984375 0.06640625
1 0.665625 0.4390625 0.08984375 0.07421875
2 0.58984375 0.415625 0.0859375 0.0625
4 0.61875 0.4859375 0.0859375 0.0703125
5 0.7734375 0.50625 0.0859375 0.0703125
5 0.6875 0.51171875 0.08203125 0.06640625
4 0.6421875 0.5546875 0.07421875 0.05078125
4 0.571875 0.578125 0.078125 0.0703125
3 0.6734375 0.6390625 0.11328125 0.078125
1 0.5 0.65234375 0.0859375 0.06640625
2 0.384375 0.6859375 0.09765625 0.07421875
2 0.3609375 0.584375 0.08984375 0.05859375
2 0.4765625 0.5921875 0.09375 0.0703125
4 0.459375 0.5328125 0.08203125 0.05859375
3 0.5015625 0.4546875 0.0859375 0.06640625
3 0.3921875 0.4765625 0.08203125 0.06640625
5 0.3296875 0.5296875 0.09765625 0.0703125
5 0.2109375 0.5703125 0.09765625 0.078125
5 0.30625 0.4375 0.08984375 0.06640625
3 0.446875 0.3734375 0.0859375 0.06640625
1 0.35546875 0.36875 0.08984375 0.07421875
3 0.2984375 0.334375 0.0859375 0.06640625
2 0.10546875 0.4515625 0.1015625 0.08203125