4 0.78125 0.4046875 0.07421875 0.078125
3 0.78515625 0.490625 0.0703125 0.0859375
3 0.77734375 0.5546875 0.05859375 0.1015625
2 0.7421875 0.703125 0.0625 0.078125
2 0.68125 0.7109375 0.0546875 0.078125
4 0.6484375 0.6390625 0.0703125 0.0859375
4 0.65625 0.54296875 0.07421875 0.08984375
5 0.6703125 0.4625 0.0625 0.078125
4 0.6265625 0.7328125 0.07421875 0.08203125
4 0.6328125 0.7984375 0.05859375 0.078125
1 0.5640625 0.80078125 0.0546875 0.09375
2 0.515625 0.7484375 0.0625 0.078125
5 0.49609375 0.834375 0.0546875 0.09375
0 0.46484375 0.76953125 0.0546875 0.06640625
2 0.44921875 0.703125 0.0625 0.1015625
0 0.5078125 0.65234375 0.0703125 0.0859375
5 0.5546875 0.6078125 0.0625 0.0859375
2 0.6015625 0.415625 0.06640625 0.0859375
2 0.65234375 0.17578125 0.0625 0.09375
5 0.58203125 0.1734375 0.05859375 0.078125
5 0.5796875 0.25390625 0.05859375 0.09375
4 0.53515625 0.2265625 0.0625 0.08984375
3 0.478125 0.18359375 0.078125 0.0859375
0 0.4703125 0.2640625 0.0625 0.09375
5 0.5234375 0.475 0.0625 0.078125
4 0.50390625 0.5453125 0.0625 0.078125
5 0.4546875 0.5921875 0.0625 0.078125
5 0.384375 0.6734375 0.0546875 0.09375
5 0.459375 0.3890625 0.0703125 0.08984375
3 0.4 0.23828125 0.0625 0.08984375
4 0.3359375 0.265625 0.0703125 0.078125
4 0.3890625 0.34375 0.05859375 0.0703125
2 0.3265625 0.34765625 0.0625 0.09375
1 0.3921875 0.4359375 0.06640625 0.09375
4 0.31875 0.446875 0.08203125 0.0859375
0 0.3515625 0.584375 0.0625 0.078125
4 0.3125 0.5328125 0.078125 0.0703125
2 0.3203125 0.65625 0.0625 0.08984375