0 0.5765625 0.2109375 0.0703125 0.0703125
1 0.46484375 0.1953125 0.0859375 0.07421875
2 0.2796875 0.31875 0.0859375 0.0703125
4 0.484375 0.36328125 0.078125 0.0625
1 0.5625 0.40234375 0.09375 0.0703125
0 0.4296875 0.4515625 0.0859375 0.0625
1 0.75 0.35 0.109375 0.078125
0 0.7796875 0.4859375 0.109375 0.08203125
5 0.4859375 0.546875 0.1015625 0.0703125
0 0.51953125 0.6546875 0.08203125 0.06640625
5 0.61328125 0.6703125 0.08203125 0.06640625
5 0.6796875 0.6328125 0.078125 0.0625
3 0.75390625 0.63125 0.0859375 0.0625