0 0.4234375 0.2109375 0.07421875 0.0703125
1 0.53515625 0.1953125 0.08984375 0.07421875
2 0.7203125 0.31875 0.0859375 0.0703125
4 0.515625 0.36328125 0.08203125 0.06640625
1 0.4375 0.40234375 0.09375 0.0703125
0 0.5703125 0.4515625 0.0859375 0.0625
1 0.25 0.35 0.109375 0.08203125
0 0.2203125 0.4859375 0.109375 0.08203125
5 0.5140625 0.546875 0.10546875 0.0703125
0 0.48046875 0.6546875 0.08203125 0.06640625
5 0.38671875 0.6703125 0.08203125 0.06640625
5 0.3203125 0.6328125 0.08203125 0.0625
3 0.24609375 0.63125 0.08984375 0.0625