1 0.68359375 0.0921875 0.02734375 0.0078125
2 0.7890625 0.14453125 0.03125 0.0078125
2 0.79296875 0.19140625 0.0625 0.0234375
1 0.73046875 0.23828125 0.0625 0.03125
2 0.86328125 0.265625 0.046875 0.01953125
2 0.8046875 0.2640625 0.0390625 0.015625
3 0.80625 0.33203125 0.08203125 0.0390625
1 0.71484375 0.32421875 0.046875 0.0234375
1 0.5546875 0.32421875 0.0390625 0.015625
0 0.7265625 0.396875 0.09375 0.04296875
4 0.5703125 0.390625 0.05859375 0.02734375
0 0.53125 0.41796875 0.078125 0.0390625
3 0.40234375 0.40234375 0.0546875 0.0234375
0 0.36328125 0.46875 0.0703125 0.0390625
0 0.19921875 0.62890625 0.1171875 0.0703125
3 0.7578125 0.58203125 0.1328125 0.0703125
3 0.7171875 0.703125 0.0859375 0.0546875
1 0.771875 0.7890625 0.109375 0.078125
3 0.9453125 0.64453125 0.1015625 0.0625
5 0.29296875 0.2953125 0.0390625 0.015625
2 0.43359375 0.2484375 0.078125 0.03125
4 0.19140625 0.22265625 0.03125 0.015625
1 0.23046875 0.1953125 0.046875 0.015625
2 0.27734375 0.2171875 0.03125 0.01171875
2 0.290625 0.19140625 0.04296875 0.015625
2 0.384375 0.14453125 0.0390625 0.01171875
1 0.3984375 0.1703125 0.02734375 0.01171875
2 0.44140625 0.2015625 0.03125 0.01171875
5 0.53515625 0.19375 0.0625 0.0234375
5 0.5390625 0.140625 0.03515625 0.01171875
3 0.4609375 0.12890625 0.0546875 0.01953125
2 0.50390625 0.12109375 0.03125 0.0078125