3 0.9765625 0.0234375 0.04296875 0.0234375
2 0.828125 0.01953125 0.06640625 0.03125
0 0.671875 0.00625 0.03125 0.01171875
5 0.3125 0.0703125 0.05859375 0.03125
2 0.40625 0.125 0.046875 0.0234375
2 0.3671875 0.234375 0.0703125 0.046875
2 0.1625 0.27734375 0.03515625 0.0234375
2 0.50390625 0.1796875 0.046875 0.0234375
2 0.4921875 0.22265625 0.04296875 0.0234375
1 0.515625 0.2484375 0.0625 0.0390625
3 0.66796875 0.1875 0.0625 0.0390625
1 0.6484375 0.24609375 0.0390625 0.0234375
0 0.828125 0.19140625 0.0703125 0.0390625
0 0.9046875 0.28515625 0.05859375 0.0390625
4 0.83203125 0.2890625 0.046875 0.03125
1 0.7109375 0.33203125 0.0390625 0.03125
3 0.9375 0.36328125 0.0546875 0.03125
2 0.6640625 0.421875 0.0859375 0.0546875
5 0.571875 0.446875 0.046875 0.03125
5 0.77734375 0.52734375 0.04296875 0.02734375
5 0.4609375 0.40234375 0.078125 0.046875
2 0.45703125 0.50390625 0.0390625 0.03125
5 0.20703125 0.484375 0.046875 0.03125
2 0.165625 0.5234375 0.05859375 0.0390625
3 0.25390625 0.53515625 0.078125 0.0546875
1 0.37109375 0.578125 0.04296875 0.03125
2 0.2953125 0.6171875 0.0546875 0.0390625
2 0.5078125 0.6484375 0.0625 0.046875
2 0.58203125 0.634375 0.0546875 0.04296875
1 0.56640625 0.69921875 0.0859375 0.0625
4 0.640625 0.71484375 0.0625 0.046875