3 0.9765625 0.0234375 0.0234375 0.04296875
2 0.98046875 0.171875 0.03125 0.06640625
0 0.99375 0.328125 0.01171875 0.03125
5 0.9296875 0.6875 0.03125 0.05859375
2 0.875 0.59375 0.0234375 0.046875
2 0.765625 0.6328125 0.046875 0.0703125
2 0.72265625 0.8375 0.0234375 0.03515625
2 0.8203125 0.49609375 0.0234375 0.046875
2 0.77734375 0.5078125 0.0234375 0.04296875
1 0.7515625 0.484375 0.0390625 0.0625
3 0.8125 0.33203125 0.0390625 0.0625
1 0.75390625 0.3515625 0.0234375 0.0390625
0 0.80859375 0.171875 0.0390625 0.0703125
0 0.71484375 0.0953125 0.0390625 0.05859375
4 0.7109375 0.16796875 0.03125 0.046875
1 0.66796875 0.2890625 0.03125 0.0390625
3 0.63671875 0.0625 0.03515625 0.0546875
2 0.578125 0.3359375 0.0546875 0.0859375
5 0.553125 0.428125 0.03125 0.046875
5 0.47265625 0.22265625 0.02734375 0.04296875
5 0.59765625 0.5390625 0.046875 0.078125
2 0.49609375 0.54296875 0.03125 0.0390625
5 0.515625 0.79296875 0.03125 0.046875
2 0.4765625 0.834375 0.0390625 0.05859375
3 0.46484375 0.74609375 0.0546875 0.078125
1 0.421875 0.62890625 0.03125 0.04296875
2 0.3828125 0.7046875 0.0390625 0.0546875
2 0.3515625 0.4921875 0.046875 0.0625
2 0.365625 0.41796875 0.04296875 0.0546875
1 0.30078125 0.43359375 0.0625 0.0859375
4 0.28515625 0.359375 0.046875 0.0625