0 0.35546875 0.1640625 0.01953125 0.0078125
1 0.39453125 0.23046875 0.03515625 0.01953125
4 0.4453125 0.25390625 0.03515625 0.015625
5 0.3453125 0.3046875 0.01953125 0.01171875
0 0.4 0.3140625 0.0390625 0.01953125
5 0.2328125 0.33203125 0.02734375 0.015625
5 0.34765625 0.37890625 0.02734375 0.015625
2 0.38671875 0.3734375 0.02734375 0.01171875
2 0.3046875 0.4078125 0.04296875 0.0234375
0 0.20703125 0.37109375 0.01953125 0.01171875
5 0.18359375 0.37890625 0.0234375 0.01171875
2 0.18125 0.4125 0.02734375 0.01171875
2 0.13671875 0.44140625 0.0234375 0.015625
2 0.1953125 0.45703125 0.0390625 0.02734375
5 0.328125 0.4671875 0.0390625 0.0234375
1 0.30859375 0.5 0.03125 0.01953125
1 0.3203125 0.52734375 0.03125 0.01953125
5 0.296875 0.546875 0.03125 0.01953125
0 0.36328125 0.584375 0.02734375 0.015625
3 0.44140625 0.55859375 0.02734375 0.01953125
2 0.4296875 0.515625 0.02734375 0.015625
5 0.4703125 0.4515625 0.02734375 0.015625
3 0.4453125 0.384375 0.03125 0.015625
3 0.453125 0.33984375 0.04296875 0.0234375
5 0.4984375 0.3140625 0.03125 0.015625
3 0.553125 0.3453125 0.03515625 0.01953125
2 0.609375 0.328125 0.0390625 0.0234375
5 0.553125 0.375 0.02734375 0.015625
1 0.49609375 0.40625 0.02734375 0.01171875
3 0.52734375 0.41796875 0.04296875 0.0234375
2 0.55078125 0.44921875 0.02734375 0.01953125
2 0.58984375 0.42578125 0.03515625 0.01953125
0 0.6 0.390625 0.04296875 0.0234375
3 0.6875 0.2734375 0.04296875 0.0234375
2 0.83984375 0.2734375 0.0390625 0.0234375
2 0.6796875 0.4203125 0.04296875 0.02734375
1 0.7734375 0.4046875 0.046875 0.0234375
3 0.85546875 0.4375 0.05078125 0.02734375
5 0.7796875 0.5078125 0.0546875 0.03515625
1 0.65 0.53125 0.03515625 0.0234375
4 0.71484375 0.546875 0.04296875 0.0234375
3 0.69921875 0.578125 0.046875 0.02734375
3 0.71484375 0.62109375 0.04296875 0.02734375
0 0.63125 0.63671875 0.03125 0.01953125
0 0.52734375 0.66796875 0.03125 0.01953125