2 0.72265625 0.09765625 0.04296875 0.03125
0 0.671875 0.1796875 0.046875 0.03125
2 0.15 0.20703125 0.078125 0.05078125
3 0.3515625 0.3046875 0.10546875 0.078125
2 0.65234375 0.33203125 0.1015625 0.06640625
3 0.4921875 0.4671875 0.06640625 0.046875
1 0.52734375 0.53515625 0.09765625 0.07421875
3 0.65625 0.54296875 0.0625 0.046875
3 0.79296875 0.6078125 0.08984375 0.0703125
3 0.7015625 0.6859375 0.07421875 0.0546875
1 0.61328125 0.703125 0.0625 0.046875
1 0.34765625 0.6953125 0.1015625 0.07421875
0 0.97421875 0.91953125 0.0515625 0.0578125