2 0.90234375 0.27734375 0.03125 0.0390625
0 0.8203125 0.328125 0.03125 0.046875
2 0.79296875 0.85 0.05078125 0.078125
3 0.6953125 0.6484375 0.078125 0.10546875
2 0.66796875 0.34765625 0.0625 0.1015625
3 0.5328125 0.5078125 0.046875 0.0625
1 0.46484375 0.47265625 0.0703125 0.09765625
3 0.45703125 0.34375 0.046875 0.0625
3 0.3921875 0.20703125 0.0703125 0.0859375
3 0.3140625 0.2984375 0.0546875 0.07421875
1 0.296875 0.38671875 0.046875 0.0625
1 0.3046875 0.65234375 0.0703125 0.1015625
0 0.07890625 0.025 0.0578125 0.05