0 0.45703125 0.84375 0.015625 0.0078125
1 0.478125 0.7421875 0.03515625 0.0234375
4 0.4453125 0.709375 0.03125 0.01953125
5 0.56640625 0.678125 0.0234375 0.01171875
5 0.6796875 0.671875 0.03125 0.015625
0 0.7171875 0.6390625 0.01953125 0.01171875
5 0.740625 0.63671875 0.01953125 0.01171875
2 0.7578125 0.603125 0.0234375 0.015625
2 0.80859375 0.5875 0.01953125 0.01171875
2 0.78125 0.5546875 0.0390625 0.0234375
2 0.6734375 0.57421875 0.0390625 0.0234375
5 0.6109375 0.6 0.01953125 0.015625
0 0.53515625 0.6484375 0.04296875 0.0234375
5 0.446875 0.62890625 0.03125 0.01953125
3 0.51171875 0.60546875 0.046875 0.02734375
2 0.5796875 0.5921875 0.02734375 0.01953125
3 0.54296875 0.56640625 0.03125 0.01953125
1 0.51171875 0.53125 0.0234375 0.015625
3 0.421875 0.578125 0.03125 0.0234375
5 0.446875 0.5484375 0.03125 0.01953125
2 0.36875 0.578125 0.046875 0.03125
3 0.2515625 0.615625 0.04296875 0.02734375
2 0.10546875 0.5765625 0.046875 0.02734375
3 0.24375 0.39453125 0.046875 0.03125
5 0.3671875 0.3515625 0.0546875 0.03515625
1 0.4765625 0.37109375 0.0390625 0.03125
4 0.4375 0.3359375 0.046875 0.03515625
3 0.47265625 0.31640625 0.03125 0.0234375
0 0.55625 0.2890625 0.0234375 0.015625
0 0.65234375 0.290625 0.0234375 0.01953125
3 0.4921875 0.275 0.046875 0.03515625
1 0.28515625 0.453125 0.05078125 0.03125
2 0.37890625 0.46484375 0.0546875 0.03515625
0 0.4234375 0.515625 0.046875 0.03125
3 0.5015625 0.51171875 0.04296875 0.02734375
5 0.5625 0.49375 0.03125 0.01953125
2 0.453125 0.484375 0.0390625 0.0234375
2 0.5 0.475 0.03125 0.0234375
2 0.6328125 0.4453125 0.03125 0.01953125
5 0.69140625 0.51171875 0.0390625 0.02734375
1 0.71875 0.4859375 0.02734375 0.01953125
1 0.72265625 0.4609375 0.03125 0.01953125
5 0.74609375 0.453125 0.0234375 0.015625
0 0.72265625 0.4 0.0234375 0.01953125
3 0.65 0.4046875 0.0234375 0.015625