4 0.71875 0.2484375 0.0234375 0.04296875
2 0.68359375 0.25390625 0.0234375 0.0390625
2 0.61875 0.334375 0.01171875 0.01953125
0 0.58203125 0.3203125 0.01171875 0.01953125
2 0.5234375 0.328125 0.02734375 0.046875
3 0.459375 0.271875 0.01953125 0.02734375
1 0.4359375 0.29296875 0.02734375 0.04296875
3 0.4390625 0.3515625 0.01953125 0.03125
3 0.42578125 0.415625 0.03125 0.04296875
3 0.3828125 0.38671875 0.0234375 0.03515625
1 0.3671875 0.35 0.01953125 0.02734375
1 0.35546875 0.2265625 0.03125 0.05078125
0 0.3046875 0.5375 0.03125 0.04296875
5 0.44921875 0.7421875 0.015625 0.01953125
2 0.50390625 0.703125 0.0234375 0.0390625
5 0.521875 0.71484375 0.01171875 0.01953125
2 0.54296875 0.765625 0.01171875 0.0234375
1 0.553125 0.81875 0.01171875 0.01953125
2 0.56640625 0.84765625 0.015625 0.0234375
3 0.59375 0.81640625 0.0234375 0.03125
2 0.5078125 0.8421875 0.015625 0.01953125
2 0.490625 0.8265625 0.01171875 0.0234375
1 0.48828125 0.86328125 0.015625 0.03125
4 0.46484375 0.86328125 0.015625 0.0234375
2 0.615625 0.8125 0.015625 0.0234375
5 0.61328125 0.78125 0.01171875 0.01953125
5 0.5640625 0.71484375 0.01953125 0.03125
2 0.625 0.609375 0.0234375 0.03125
1 0.578125 0.6 0.0234375 0.03125
2 0.5875 0.56640625 0.015625 0.01953125
2 0.5953125 0.5390625 0.015625 0.0234375
2 0.640625 0.50390625 0.015625 0.0234375
5 0.68359375 0.48046875 0.015625 0.03125
3 0.54296875 0.5171875 0.01953125 0.03125
1 0.53515625 0.55859375 0.01171875 0.015625
1 0.5 0.6171875 0.01171875 0.015625
4 0.4671875 0.56640625 0.015625 0.0234375
0 0.4453125 0.5609375 0.0234375 0.03125
3 0.4234375 0.6109375 0.01953125 0.02734375
0 0.3890625 0.5796875 0.02734375 0.03515625
2 0.54296875 0.0953125 0.01953125 0.03515625
2 0.6703125 0.66015625 0.01171875 0.015625
1 0.69140625 0.76171875 0.015625 0.0234375
0 0.490625 0.50390625 0.02734375 0.04296875
3 0.5171875 0.19375 0.02734375 0.046875