4 0.24609375 0.28125 0.04296875 0.0234375
2 0.25 0.31640625 0.0390625 0.0234375
2 0.334375 0.38125 0.01953125 0.01171875
0 0.3203125 0.41796875 0.01953125 0.01171875
2 0.32421875 0.4765625 0.046875 0.02734375
3 0.271875 0.540625 0.02734375 0.01953125
1 0.290625 0.5640625 0.04296875 0.02734375
3 0.3515625 0.5609375 0.03125 0.01953125
3 0.4140625 0.57421875 0.04296875 0.03125
3 0.38671875 0.6171875 0.03515625 0.0234375
1 0.35 0.6328125 0.02734375 0.01953125
1 0.2265625 0.64453125 0.05078125 0.03125
0 0.5375 0.6953125 0.04296875 0.03125
5 0.7421875 0.55078125 0.01953125 0.015625
2 0.703125 0.49609375 0.0390625 0.0234375
5 0.71484375 0.478125 0.01953125 0.01171875
2 0.765625 0.45703125 0.0234375 0.01171875
1 0.81640625 0.446875 0.01953125 0.01171875
2 0.8453125 0.43359375 0.0234375 0.015625
3 0.8140625 0.40625 0.03125 0.0234375
2 0.83984375 0.4921875 0.01953125 0.015625
2 0.82421875 0.509375 0.0234375 0.01171875
1 0.86328125 0.51171875 0.03125 0.015625
4 0.859375 0.53515625 0.0234375 0.015625
2 0.8125 0.384375 0.0234375 0.015625
5 0.7796875 0.38671875 0.01953125 0.01171875
5 0.71484375 0.4359375 0.03125 0.01953125
2 0.609375 0.375 0.03125 0.0234375
1 0.6 0.421875 0.03125 0.0234375
2 0.5640625 0.4125 0.01953125 0.015625
2 0.5375 0.4046875 0.0234375 0.015625
2 0.5 0.359375 0.0234375 0.015625
5 0.4765625 0.31640625 0.03125 0.015625
3 0.515625 0.45703125 0.03125 0.01953125
1 0.55859375 0.46484375 0.015625 0.01171875
1 0.6171875 0.5 0.015625 0.01171875
4 0.56640625 0.5328125 0.0234375 0.015625
0 0.55859375 0.5546875 0.03125 0.0234375
3 0.6109375 0.5765625 0.02734375 0.01953125
0 0.578125 0.6109375 0.03515625 0.02734375
2 0.09375 0.45703125 0.03515625 0.01953125
2 0.6578125 0.3296875 0.015625 0.01171875
1 0.76171875 0.30859375 0.0234375 0.015625
0 0.5015625 0.509375 0.04296875 0.02734375
3 0.19140625 0.4828125 0.046875 0.02734375